-1.00000000e-01  1.00000000e-03 -1.00000000e-01  8.70018851e-01 -1.00000000e-01  1.84145639e+01 
-9.90000000e-02  9.70000000e-04 -9.90000000e-02  8.69724176e-01 -9.90000000e-02  2.11065250e+01 
-9.80000000e-02  9.40896000e-04 -9.80000000e-02  8.69347510e-01 -9.80000000e-02  2.25631011e+01 
-9.70000000e-02  9.12380000e-04 -9.70000000e-02  8.68950198e-01 -9.70000000e-02  2.34590438e+01 
-9.60000000e-02  8.84446000e-04 -9.60000000e-02  8.68506859e-01 -9.60000000e-02  2.45677256e+01 
-9.50000000e-02  8.57088000e-04 -9.50000000e-02  8.68014688e-01 -9.50000000e-02  2.56348152e+01 
-9.40000000e-02  8.30300000e-04 -9.40000000e-02  8.67470984e-01 -9.40000000e-02  2.66619610e+01 
-9.30000000e-02  8.04076000e-04 -9.30000000e-02  8.66873198e-01 -9.30000000e-02  2.76506589e+01 
-9.20000000e-02  7.78410000e-04 -9.20000000e-02  8.66218949e-01 -9.20000000e-02  2.86025182e+01 
-9.10000000e-02  7.53296000e-04 -9.10000000e-02  8.65506040e-01 -9.10000000e-02  2.95191991e+01 
-9.00000000e-02  7.28728000e-04 -9.00000000e-02  8.64732469e-01 -9.00000000e-02  3.04023926e+01 
-8.90000000e-02  7.04700000e-04 -8.90000000e-02  8.63896432e-01 -8.90000000e-02  3.12538023e+01 
-8.80000000e-02  6.81206000e-04 -8.80000000e-02  8.62996328e-01 -8.80000000e-02  3.20751280e+01 
-8.70000000e-02  6.58240000e-04 -8.70000000e-02  8.62030759e-01 -8.70000000e-02  3.28680510e+01 
-8.60000000e-02  6.35796000e-04 -8.60000000e-02  8.60998519e-01 -8.60000000e-02  3.36342218e+01 
-8.50000000e-02  6.13868000e-04 -8.50000000e-02  8.59898597e-01 -8.50000000e-02  3.43752502e+01 
-8.40000000e-02  5.92450000e-04 -8.40000000e-02  8.58730161e-01 -8.40000000e-02  3.50926974e+01 
-8.30000000e-02  5.71536000e-04 -8.30000000e-02  8.57492553e-01 -8.30000000e-02  3.57880703e+01 
-8.20000000e-02  5.51120000e-04 -8.20000000e-02  8.56185272e-01 -8.20000000e-02  3.64628178e+01 
-8.10000000e-02  5.31196000e-04 -8.10000000e-02  8.54807970e-01 -8.10000000e-02  3.71183275e+01 
-8.00000000e-02  5.11758000e-04 -8.00000000e-02  8.53360434e-01 -8.00000000e-02  3.77559264e+01 
-7.90000000e-02  4.92800000e-04 -7.90000000e-02  8.51842577e-01 -7.90000000e-02  3.83768812e+01 
-7.80000000e-02  4.74316000e-04 -7.80000000e-02  8.50254422e-01 -7.80000000e-02  3.89823985e+01 
-7.70000000e-02  4.56300000e-04 -7.70000000e-02  8.48596096e-01 -7.70000000e-02  3.95736265e+01 
-7.60000000e-02  4.38746000e-04 -7.60000000e-02  8.46867812e-01 -7.60000000e-02  4.01516582e+01 
-7.50000000e-02  4.21648000e-04 -7.50000000e-02  8.45069861e-01 -7.50000000e-02  4.07175343e+01 
-7.40000000e-02  4.05000000e-04 -7.40000000e-02  8.43202601e-01 -7.40000000e-02  4.12722464e+01 
-7.30000000e-02  3.88796000e-04 -7.30000000e-02  8.41266443e-01 -7.30000000e-02  4.18167408e+01 
-7.20000000e-02  3.73030000e-04 -7.20000000e-02  8.39261844e-01 -7.20000000e-02  4.23519221e+01 
-7.10000000e-02  3.57696000e-04 -7.10000000e-02  8.37189295e-01 -7.10000000e-02  4.28786572e+01 
-7.00000000e-02  3.42788000e-04 -7.00000000e-02  8.35049310e-01 -7.00000000e-02  4.33977793e+01 
-6.90000000e-02  3.28300000e-04 -6.90000000e-02  8.32842419e-01 -6.90000000e-02  4.39100920e+01 
-6.80000000e-02  3.14226000e-04 -6.80000000e-02  8.30569153e-01 -6.80000000e-02  4.44163734e+01 
-6.70000000e-02  3.00560000e-04 -6.70000000e-02  8.28230039e-01 -6.70000000e-02  4.49173804e+01 
-6.60000000e-02  2.87296000e-04 -6.60000000e-02  8.25825583e-01 -6.60000000e-02  4.54138528e+01 
-6.50000000e-02  2.74428000e-04 -6.50000000e-02  8.23356266e-01 -6.50000000e-02  4.59065179e+01 
-6.40000000e-02  2.61950000e-04 -6.40000000e-02  8.20822527e-01 -6.40000000e-02  4.63960950e+01 
-6.30000000e-02  2.49856000e-04 -6.30000000e-02  8.18224755e-01 -6.30000000e-02  4.68833001e+01 
-6.20000000e-02  2.38140000e-04 -6.20000000e-02  8.15563270e-01 -6.20000000e-02  4.73688507e+01 
-6.10000000e-02  2.26796000e-04 -6.10000000e-02  8.12838315e-01 -6.10000000e-02  4.78534715e+01 
-6.00000000e-02  2.15818000e-04 -6.00000000e-02  8.10050033e-01 -6.00000000e-02  4.83378995e+01 
-5.90000000e-02  2.05200000e-04 -5.90000000e-02  8.07198455e-01 -5.90000000e-02  4.88228906e+01 
-5.80000000e-02  1.94936000e-04 -5.80000000e-02  8.04283475e-01 -5.80000000e-02  4.93092260e+01 
-5.70000000e-02  1.85020000e-04 -5.70000000e-02  8.01304830e-01 -5.70000000e-02  4.97977199e+01 
-5.60000000e-02  1.75446000e-04 -5.60000000e-02  7.98262071e-01 -5.60000000e-02  5.02892280e+01 
-5.50000000e-02  1.66208000e-04 -5.50000000e-02  7.95154530e-01 -5.50000000e-02  5.07846565e+01 
-5.40000000e-02  1.57300000e-04 -5.40000000e-02  7.91981288e-01 -5.40000000e-02  5.12849741e+01 
-5.30000000e-02  1.48716000e-04 -5.30000000e-02  7.88741132e-01 -5.30000000e-02  5.17912238e+01 
-5.20000000e-02  1.40450000e-04 -5.20000000e-02  7.85432498e-01 -5.20000000e-02  5.23045382e+01 
-5.10000000e-02  1.32496000e-04 -5.10000000e-02  7.82053417e-01 -5.10000000e-02  5.28261575e+01 
-5.00000000e-02  1.24848000e-04 -5.00000000e-02  7.78601437e-01 -5.00000000e-02  5.33574501e+01 
-4.90000000e-02  1.17500000e-04 -4.90000000e-02  7.75073537e-01 -4.90000000e-02  5.38999381e+01 
-4.80000000e-02  1.10446000e-04 -4.80000000e-02  7.71466014e-01 -4.80000000e-02  5.44553285e+01 
-4.70000000e-02  1.03680000e-04 -4.70000000e-02  7.67774350e-01 -4.70000000e-02  5.50255505e+01 
-4.60000000e-02  9.71960000e-05 -4.60000000e-02  7.63993041e-01 -4.60000000e-02  5.56128025e+01 
-4.50000000e-02  9.09880000e-05 -4.50000000e-02  7.60115384e-01 -4.50000000e-02  5.62196107e+01 
-4.40000000e-02  8.50500000e-05 -4.40000000e-02  7.56133200e-01 -4.40000000e-02  5.68489020e+01 
-4.30000000e-02  7.93760000e-05 -4.30000000e-02  7.52036486e-01 -4.30000000e-02  5.75040983e+01 
-4.20000000e-02  7.39600000e-05 -4.20000000e-02  7.47812948e-01 -4.20000000e-02  5.81892367e+01 
-4.10000000e-02  6.87960000e-05 -4.10000000e-02  7.43447389e-01 -4.10000000e-02  5.89091259e+01 
-4.00000000e-02  6.38780000e-05 -4.00000000e-02  7.38920876e-01 -4.00000000e-02  5.96695532e+01 
-3.90000000e-02  5.92000000e-05 -3.90000000e-02  7.34209603e-01 -3.90000000e-02  6.04775588e+01 
-3.80000000e-02  5.47560000e-05 -3.80000000e-02  7.29283295e-01 -3.80000000e-02  6.13418069e+01 
-3.70000000e-02  5.05400000e-05 -3.70000000e-02  7.24102929e-01 -3.70000000e-02  6.22730928e+01 
-3.60000000e-02  4.65460000e-05 -3.60000000e-02  7.18617388e-01 -3.60000000e-02  6.32850438e+01 
-3.50000000e-02  4.27680000e-05 -3.50000000e-02  7.12758439e-01 -3.50000000e-02  6.43950989e+01 
-3.40000000e-02  3.92000000e-05 -3.40000000e-02  7.06432940e-01 -3.40000000e-02  6.56258830e+01 
-3.30000000e-02  3.58360000e-05 -3.30000000e-02  6.99510366e-01 -3.30000000e-02  6.70071215e+01 
-3.20000000e-02  3.26700000e-05 -3.20000000e-02  6.91802100e-01 -3.20000000e-02  6.85782105e+01 
-3.10000000e-02  2.96960000e-05 -3.10000000e-02  6.83025748e-01 -3.10000000e-02  7.03912732e+01 
-3.00000000e-02  2.69080000e-05 -3.00000000e-02  6.72741485e-01 -3.00000000e-02  7.25132978e+01 
-2.90000000e-02  2.43000000e-05 -2.90000000e-02  6.60236141e-01 -2.90000000e-02  7.50216074e+01 
-2.80000000e-02  2.18660000e-05 -2.80000000e-02  6.44317615e-01 -2.80000000e-02  7.79629594e+01 
-2.70000000e-02  1.96830000e-05 -2.70000000e-02  6.23718069e-01 -2.70000000e-02  8.13129765e+01 
-2.60000000e-02  1.75760000e-05 -2.60000000e-02  5.94416975e-01 -2.60000000e-02  8.46182198e+01 
-2.50000000e-02  1.56250000e-05 -2.50000000e-02  5.54658632e-01 -2.50000000e-02  8.75226321e+01 
-2.40000000e-02  1.38240000e-05 -2.40000000e-02  5.05210899e-01 -2.40000000e-02  8.96438809e+01 
-2.30000000e-02  1.21670000e-05 -2.30000000e-02  4.49699790e-01 -2.30000000e-02  9.10558645e+01 
-2.20000000e-02  1.06480000e-05 -2.20000000e-02  3.91795058e-01 -2.20000000e-02  9.19981631e+01 
-2.10000000e-02  9.26100000e-06 -2.10000000e-02  3.34034309e-01 -2.10000000e-02  9.26609069e+01 
-2.00000000e-02  8.00000000e-06 -2.00000000e-02  2.78041936e-01 -2.00000000e-02  9.31499120e+01 
-1.90000000e-02  6.85900000e-06 -1.90000000e-02  2.24873033e-01 -1.90000000e-02  9.35208392e+01 
-1.80000000e-02  5.83200000e-06 -1.80000000e-02  1.75216340e-01 -1.80000000e-02  9.38053276e+01 
-1.70000000e-02  4.91300000e-06 -1.70000000e-02  1.29503597e-01 -1.70000000e-02  9.40235197e+01 
-1.60000000e-02  4.09600000e-06 -1.60000000e-02  8.79743212e-02 -1.60000000e-02  9.41896155e+01 
-1.50000000e-02  3.37500000e-06 -1.50000000e-02  5.07197631e-02 -1.50000000e-02  9.43144087e+01 
-1.40000000e-02  2.74400000e-06 -1.40000000e-02  1.77161034e-02 -1.40000000e-02  9.44065141e+01 
-1.30000000e-02  2.19700000e-06 -1.30000000e-02 -1.11489379e-02 -1.30000000e-02  9.44729974e+01 
-1.20000000e-02  1.72800000e-06 -1.20000000e-02 -3.60543351e-02 -1.20000000e-02  9.45197172e+01 
-1.10000000e-02  1.33100000e-06 -1.10000000e-02 -5.72280129e-02 -1.10000000e-02  9.45515223e+01 
-1.00000000e-02  1.00000000e-06 -1.00000000e-02 -7.49326553e-02 -1.00000000e-02  9.45723780e+01 
-9.00000000e-03  7.29000000e-07 -9.00000000e-03 -8.94546798e-02 -9.00000000e-03  9.45854615e+01 
-8.00000000e-03  5.12000000e-07 -8.00000000e-03 -1.01095978e-01 -8.00000000e-03  9.45932475e+01 
-7.00000000e-03  3.43000000e-07 -7.00000000e-03 -1.10167998e-01 -7.00000000e-03  9.45975951e+01 
-6.00000000e-03  2.16000000e-07 -6.00000000e-03 -1.16987718e-01 -6.00000000e-03  9.45998400e+01 
-5.00000000e-03  1.25000000e-07 -5.00000000e-03 -1.21875075e-01 -5.00000000e-03  9.46008909e+01 
-4.00000000e-03  6.40000000e-08 -4.00000000e-03 -1.25151439e-01 -4.00000000e-03  9.46013236e+01 
-3.00000000e-03  2.70000000e-08 -3.00000000e-03 -1.27138789e-01 -3.00000000e-03  9.46014702e+01 
-2.00000000e-03  8.00000000e-09 -2.00000000e-03 -1.28159326e-01 -2.00000000e-03  9.46014933e+01 
-1.00000000e-03  1.00000008e-09 -1.00000000e-03 -1.28535312e-01 -1.00000000e-03  9.46014741e+01 
 9.02056208e-17 -1.99999994e-09  9.02056208e-17 -1.28696449e-01  9.02056208e-17  9.46015329e+01 
 1.00000000e-03  0.00000000e+00  1.00000000e-03 -1.28589025e-01  1.00000000e-03  9.46013164e+01 
 2.00000000e-03 -8.00000000e-09  2.00000000e-03 -1.29018717e-01  2.00000000e-03  9.46014683e+01 
 3.00000000e-03 -2.70000000e-08  3.00000000e-03 -1.30039255e-01  3.00000000e-03  9.46015009e+01 
 4.00000000e-03 -6.40000000e-08  4.00000000e-03 -1.32026615e-01  4.00000000e-03  9.46013909e+01 
 5.00000000e-03 -1.25000000e-07  5.00000000e-03 -1.35303010e-01  5.00000000e-03  9.46010117e+01 
 6.00000000e-03 -2.16000000e-07  6.00000000e-03 -1.40190449e-01  6.00000000e-03  9.46000185e+01 
 7.00000000e-03 -3.43000000e-07  7.00000000e-03 -1.47010328e-01  7.00000000e-03  9.45977896e+01 
 8.00000000e-03 -5.12000000e-07  8.00000000e-03 -1.56082545e-01  8.00000000e-03  9.45932920e+01 
 9.00000000e-03 -7.29000000e-07  9.00000000e-03 -1.67723753e-01  9.00000000e-03  9.45849029e+01 
 1.00000000e-02 -1.00000000e-06  1.00000000e-02 -1.82244185e-01  1.00000000e-02  9.45701690e+01 
 1.10000000e-02 -1.33100000e-06  1.10000000e-02 -1.99942225e-01  1.10000000e-02  9.45454715e+01 
 1.20000000e-02 -1.72800000e-06  1.20000000e-02 -2.21095431e-01  1.20000000e-02  9.45055451e+01 
 1.30000000e-02 -2.19700000e-06  1.30000000e-02 -2.45946177e-01  1.30000000e-02  9.44427648e+01 
 1.40000000e-02 -2.74400000e-06  1.40000000e-02 -2.74679039e-01  1.40000000e-02  9.43460432e+01 
 1.50000000e-02 -3.37500000e-06  1.50000000e-02 -3.07385646e-01  1.50000000e-02  9.41990641e+01 
 1.60000000e-02 -4.09600000e-06  1.60000000e-02 -3.44010427e-01  1.60000000e-02  9.39773518e+01 
 1.70000000e-02 -4.91300000e-06  1.70000000e-02 -3.84267514e-01  1.70000000e-02  9.36432836e+01 
 1.80000000e-02 -5.83200000e-06  1.80000000e-02 -4.27515700e-01  1.80000000e-02  9.31375898e+01 
 1.90000000e-02 -6.85900000e-06  1.90000000e-02 -4.72580044e-01  1.90000000e-02  9.23659060e+01 
 2.00000000e-02 -8.00000000e-06  2.00000000e-02 -5.17538927e-01  2.00000000e-02  9.11840532e+01 
 2.10000000e-02 -9.26100000e-06  2.10000000e-02 -5.59631424e-01  2.10000000e-02  8.94092161e+01 
 2.20000000e-02 -1.06480000e-05  2.20000000e-02 -5.95769910e-01  2.20000000e-02  8.69182916e+01 
 2.30000000e-02 -1.21670000e-05  2.30000000e-02 -6.24079535e-01  2.30000000e-02  8.39970305e+01 
 2.40000000e-02 -1.37540000e-05  2.40000000e-02 -6.44979866e-01  2.40000000e-02  8.06400753e+01 
 2.50000000e-02 -1.55520000e-05  2.50000000e-02 -6.60518198e-01  2.50000000e-02  7.72336409e+01 
 2.60000000e-02 -1.75760000e-05  2.60000000e-02 -6.72775253e-01  2.60000000e-02  7.45473229e+01 
 2.70000000e-02 -1.96830000e-05  2.70000000e-02 -6.82568846e-01  2.70000000e-02  7.23173794e+01 
 2.80000000e-02 -2.19520000e-05  2.80000000e-02 -6.90844759e-01  2.80000000e-02  7.03558064e+01 
 2.90000000e-02 -2.43890000e-05  2.90000000e-02 -6.98072791e-01  2.90000000e-02  6.86743601e+01 
 3.00000000e-02 -2.70000000e-05  3.00000000e-02 -7.04548443e-01  3.00000000e-02  6.72113145e+01 
 3.10000000e-02 -2.97910000e-05  3.10000000e-02 -7.10464189e-01  3.10000000e-02  6.59187767e+01 
 3.20000000e-02 -3.27680000e-05  3.20000000e-02 -7.15949999e-01  3.20000000e-02  6.47779142e+01 
 3.30000000e-02 -3.58400000e-05  3.30000000e-02 -7.20949451e-01  3.30000000e-02  6.37239189e+01 
 3.40000000e-02 -3.92040000e-05  3.40000000e-02 -7.25831251e-01  3.40000000e-02  6.27714526e+01 
 3.50000000e-02 -4.27720000e-05  3.50000000e-02 -7.30486878e-01  3.50000000e-02  6.18776965e+01 
 3.60000000e-02 -4.65500000e-05  3.60000000e-02 -7.34950010e-01  3.60000000e-02  6.10411836e+01 
 3.70000000e-02 -5.05440000e-05  3.70000000e-02 -7.39248650e-01  3.70000000e-02  6.02545247e+01 
 3.80000000e-02 -5.47600000e-05  3.80000000e-02 -7.43404149e-01  3.80000000e-02  5.95095713e+01 
 3.90000000e-02 -5.92040000e-05  3.90000000e-02 -7.47433231e-01  3.90000000e-02  5.88000703e+01 
 4.00000000e-02 -6.38820000e-05  4.00000000e-02 -7.51349143e-01  4.00000000e-02  5.81209302e+01 
 4.10000000e-02 -6.88000000e-05  4.10000000e-02 -7.55162470e-01  4.10000000e-02  5.74679563e+01 
 4.20000000e-02 -7.39640000e-05  4.20000000e-02 -7.58881736e-01  4.20000000e-02  5.68376596e+01 
 4.30000000e-02 -7.93800000e-05  4.30000000e-02 -7.62513847e-01  4.30000000e-02  5.62271114e+01 
 4.40000000e-02 -8.50540000e-05  4.40000000e-02 -7.66064426e-01  4.40000000e-02  5.56338319e+01 
 4.50000000e-02 -9.09920000e-05  4.50000000e-02 -7.69538075e-01  4.50000000e-02  5.50557026e+01 
 4.60000000e-02 -9.72000000e-05  4.60000000e-02 -7.72938567e-01  4.60000000e-02  5.44908990e+01 
 4.70000000e-02 -1.03684000e-04  4.70000000e-02 -7.76269004e-01  4.70000000e-02  5.39378366e+01 
 4.80000000e-02 -1.10450000e-04  4.80000000e-02 -7.79531941e-01  4.80000000e-02  5.33951274e+01 
 4.90000000e-02 -1.17504000e-04  4.90000000e-02 -7.82729478e-01  4.90000000e-02  5.28615184e+01 
 5.00000000e-02 -1.24852000e-04  5.00000000e-02 -7.85863326e-01  5.00000000e-02  5.23358672e+01 
 5.10000000e-02 -1.32500000e-04  5.10000000e-02 -7.88934864e-01  5.10000000e-02  5.18172179e+01 
 5.20000000e-02 -1.40454000e-04  5.20000000e-02 -7.91945252e-01  5.20000000e-02  5.13047313e+01 
 5.30000000e-02 -1.48720000e-04  5.30000000e-02 -7.94895429e-01  5.30000000e-02  5.07975946e+01 
 5.40000000e-02 -1.57304000e-04  5.40000000e-02 -7.97786150e-01  5.40000000e-02  5.02950566e+01 
 5.50000000e-02 -1.66212000e-04  5.50000000e-02 -8.00618015e-01  5.50000000e-02  4.97964177e+01 
 5.60000000e-02 -1.75450000e-04  5.60000000e-02 -8.03391488e-01  5.60000000e-02  4.93010202e+01 
 5.70000000e-02 -1.85024000e-04  5.70000000e-02 -8.06106923e-01  5.70000000e-02  4.88082401e+01 
 5.80000000e-02 -1.94940000e-04  5.80000000e-02 -8.08764575e-01  5.80000000e-02  4.83174801e+01 
 5.90000000e-02 -2.05204000e-04  5.90000000e-02 -8.11364615e-01  5.90000000e-02  4.78281634e+01 
 6.00000000e-02 -2.15822000e-04  6.00000000e-02 -8.13907145e-01  6.00000000e-02  4.73397287e+01 
 6.10000000e-02 -2.26800000e-04  6.10000000e-02 -8.16392204e-01  6.10000000e-02  4.68516247e+01 
 6.20000000e-02 -2.38144000e-04  6.20000000e-02 -8.18819779e-01  6.20000000e-02  4.63633063e+01 
 6.30000000e-02 -2.49860000e-04  6.30000000e-02 -8.21189811e-01  6.30000000e-02  4.58742307e+01 
 6.40000000e-02 -2.61954000e-04  6.40000000e-02 -8.23502205e-01  6.40000000e-02  4.53838534e+01 
 6.50000000e-02 -2.74432000e-04  6.50000000e-02 -8.25756833e-01  6.50000000e-02  4.48916254e+01 
 6.60000000e-02 -2.87300000e-04  6.60000000e-02 -8.27953544e-01  6.60000000e-02  4.43969897e+01 
 6.70000000e-02 -3.00564000e-04  6.70000000e-02 -8.30092163e-01  6.70000000e-02  4.38993782e+01 
 6.80000000e-02 -3.14230000e-04  6.80000000e-02 -8.32172503e-01  6.80000000e-02  4.33982091e+01 
 6.90000000e-02 -3.28304000e-04  6.90000000e-02 -8.34194364e-01  6.90000000e-02  4.28928841e+01 
 7.00000000e-02 -3.42792000e-04  7.00000000e-02 -8.36157544e-01  7.00000000e-02  4.23827856e+01 
 7.10000000e-02 -3.57700000e-04  7.10000000e-02 -8.38061839e-01  7.10000000e-02  4.18672738e+01 
 7.20000000e-02 -3.73034000e-04  7.20000000e-02 -8.39907051e-01  7.20000000e-02  4.13456847e+01 
 7.30000000e-02 -3.88800000e-04  7.30000000e-02 -8.41692993e-01  7.30000000e-02  4.08173268e+01 
 7.40000000e-02 -4.05004000e-04  7.40000000e-02 -8.43419492e-01  7.40000000e-02  4.02814792e+01 
 7.50000000e-02 -4.21652000e-04  7.50000000e-02 -8.45086398e-01  7.50000000e-02  3.97373887e+01 
 7.60000000e-02 -4.38750000e-04  7.60000000e-02 -8.46693590e-01  7.60000000e-02  3.91842679e+01 
 7.70000000e-02 -4.56304000e-04  7.70000000e-02 -8.48240979e-01  7.70000000e-02  3.86212925e+01 
 7.80000000e-02 -4.74320000e-04  7.80000000e-02 -8.49728519e-01  7.80000000e-02  3.80475998e+01 
 7.90000000e-02 -4.92804000e-04  7.90000000e-02 -8.51156209e-01  7.90000000e-02  3.74622863e+01 
 8.00000000e-02 -5.11762000e-04  8.00000000e-02 -8.52524108e-01  8.00000000e-02  3.68644065e+01 
 8.10000000e-02 -5.31200000e-04  8.10000000e-02 -8.53832334e-01  8.10000000e-02  3.62529718e+01 
 8.20000000e-02 -5.51124000e-04  8.20000000e-02 -8.55081079e-01  8.20000000e-02  3.56269494e+01 
 8.30000000e-02 -5.71540000e-04  8.30000000e-02 -8.56270613e-01  8.30000000e-02  3.49852627e+01 
 8.40000000e-02 -5.92454000e-04  8.40000000e-02 -8.57401295e-01  8.40000000e-02  3.43267913e+01 
 8.50000000e-02 -6.13872000e-04  8.50000000e-02 -8.58473582e-01  8.50000000e-02  3.36503727e+01 
 8.60000000e-02 -6.35800000e-04  8.60000000e-02 -8.59488032e-01  8.60000000e-02  3.29548047e+01 
 8.70000000e-02 -6.58244000e-04  8.70000000e-02 -8.60445320e-01  8.70000000e-02  3.22388485e+01 
 8.80000000e-02 -6.81210000e-04  8.80000000e-02 -8.61346238e-01  8.80000000e-02  3.15012343e+01 
 8.90000000e-02 -7.04704000e-04  8.90000000e-02 -8.62191708e-01  8.90000000e-02  3.07406669e+01 
 9.00000000e-02 -7.28732000e-04  9.00000000e-02 -8.62982784e-01  9.00000000e-02  2.99558341e+01 
 9.10000000e-02 -7.53300000e-04  9.10000000e-02 -8.63720655e-01  9.10000000e-02  2.91454167e+01 
 9.20000000e-02 -7.78414000e-04  9.20000000e-02 -8.64406652e-01  9.20000000e-02  2.83081002e+01 
 9.30000000e-02 -8.04080000e-04  9.30000000e-02 -8.65042248e-01  9.30000000e-02  2.74425885e+01 
 9.40000000e-02 -8.30304000e-04  9.40000000e-02 -8.65629052e-01  9.40000000e-02  2.65476204e+01 
 9.50000000e-02 -8.57092000e-04  9.50000000e-02 -8.66168810e-01  9.50000000e-02  2.56219870e+01 
 9.60000000e-02 -8.84450000e-04  9.60000000e-02 -8.66663397e-01  9.60000000e-02  2.46645512e+01 
 9.70000000e-02 -9.12384000e-04  9.70000000e-02 -8.67114807e-01  9.70000000e-02  2.36742688e+01 
 9.80000000e-02 -9.40900000e-04  9.80000000e-02 -8.67525140e-01  9.80000000e-02  2.26502095e+01 
 9.90000000e-02 -9.70004000e-04  9.90000000e-02 -8.67896586e-01  9.90000000e-02  2.15915785e+01 
 1.00000000e-01 -9.99702000e-04  1.00000000e-01 -8.68231410e-01  1.00000000e-01  2.04668644e+01 
