-1.00000000e-01  9.74520207e-04 -1.00000000e-01 -1.00000000e-01 -1.00000000e-01  1.41700042e+03 
-9.98001998e-02  9.74378852e-04 -9.98001998e-02 -9.98001998e-02 -9.98001998e-02  1.40993730e+03 
-9.96003996e-02  9.74236790e-04 -9.96003996e-02 -9.96003996e-02 -9.96003996e-02  1.40554137e+03 
-9.94005994e-02  9.74094548e-04 -9.94005994e-02 -9.94005994e-02 -9.94005994e-02  1.40289038e+03 
-9.92007992e-02  9.73951949e-04 -9.92007992e-02 -9.92007992e-02 -9.92007992e-02  1.39937447e+03 
-9.90009990e-02  9.73808992e-04 -9.90009990e-02 -9.90009990e-02 -9.90009990e-02  1.39586356e+03 
-9.88011988e-02  9.73665674e-04 -9.88011988e-02 -9.88011988e-02 -9.88011988e-02  1.39235765e+03 
-9.86013986e-02  9.73521996e-04 -9.86013986e-02 -9.86013986e-02 -9.86013986e-02  1.38885675e+03 
-9.84015984e-02  9.73377956e-04 -9.84015984e-02 -9.84015984e-02 -9.84015984e-02  1.38536082e+03 
-9.82017982e-02  9.73233551e-04 -9.82017982e-02 -9.82017982e-02 -9.82017982e-02  1.38186986e+03 
-9.80019980e-02  9.73088782e-04 -9.80019980e-02 -9.80019980e-02 -9.80019980e-02  1.37838383e+03 
-9.78021978e-02  9.72943646e-04 -9.78021978e-02 -9.78021978e-02 -9.78021978e-02  1.37490277e+03 
-9.76023976e-02  9.72798143e-04 -9.76023976e-02 -9.76023976e-02 -9.76023976e-02  1.37142667e+03 
-9.74025974e-02  9.72652270e-04 -9.74025974e-02 -9.74025974e-02 -9.74025974e-02  1.36795545e+03 
-9.72027972e-02  9.72506028e-04 -9.72027972e-02 -9.72027972e-02 -9.72027972e-02  1.36448916e+03 
-9.70029970e-02  9.72359413e-04 -9.70029970e-02 -9.70029970e-02 -9.70029970e-02  1.36102780e+03 
-9.68031968e-02  9.72212426e-04 -9.68031968e-02 -9.68031968e-02 -9.68031968e-02  1.35757132e+03 
-9.66033966e-02  9.72065064e-04 -9.66033966e-02 -9.66033966e-02 -9.66033966e-02  1.35411973e+03 
-9.64035964e-02  9.71917326e-04 -9.64035964e-02 -9.64035964e-02 -9.64035964e-02  1.35067302e+03 
-9.62037962e-02  9.71769211e-04 -9.62037962e-02 -9.62037962e-02 -9.62037962e-02  1.34723117e+03 
-9.60039960e-02  9.71620717e-04 -9.60039960e-02 -9.60039960e-02 -9.60039960e-02  1.34379415e+03 
-9.58041958e-02  9.71471844e-04 -9.58041958e-02 -9.58041958e-02 -9.58041958e-02  1.34036199e+03 
-9.56043956e-02  9.71322589e-04 -9.56043956e-02 -9.56043956e-02 -9.56043956e-02  1.33693467e+03 
-9.54045954e-02  9.71172951e-04 -9.54045954e-02 -9.54045954e-02 -9.54045954e-02  1.33351214e+03 
-9.52047952e-02  9.71022929e-04 -9.52047952e-02 -9.52047952e-02 -9.52047952e-02  1.33009447e+03 
-9.50049950e-02  9.70872521e-04 -9.50049950e-02 -9.50049950e-02 -9.50049950e-02  1.32668157e+03 
-9.48051948e-02  9.70721726e-04 -9.48051948e-02 -9.48051948e-02 -9.48051948e-02  1.32327344e+03 
-9.46053946e-02  9.70570542e-04 -9.46053946e-02 -9.46053946e-02 -9.46053946e-02  1.31987012e+03 
-9.44055944e-02  9.70418968e-04 -9.44055944e-02 -9.44055944e-02 -9.44055944e-02  1.31647158e+03 
-9.42057942e-02  9.70267003e-04 -9.42057942e-02 -9.42057942e-02 -9.42057942e-02  1.31307778e+03 
-9.40059940e-02  9.70114645e-04 -9.40059940e-02 -9.40059940e-02 -9.40059940e-02  1.30968871e+03 
-9.38061938e-02  9.69961892e-04 -9.38061938e-02 -9.38061938e-02 -9.38061938e-02  1.30630440e+03 
-9.36063936e-02  9.69808743e-04 -9.36063936e-02 -9.36063936e-02 -9.36063936e-02  1.30292480e+03 
-9.34065934e-02  9.69655197e-04 -9.34065934e-02 -9.34065934e-02 -9.34065934e-02  1.29954992e+03 
-9.32067932e-02  9.69501252e-04 -9.32067932e-02 -9.32067932e-02 -9.32067932e-02  1.29617977e+03 
-9.30069930e-02  9.69346906e-04 -9.30069930e-02 -9.30069930e-02 -9.30069930e-02  1.29281429e+03 
-9.28071928e-02  9.69192159e-04 -9.28071928e-02 -9.28071928e-02 -9.28071928e-02  1.28945347e+03 
-9.26073926e-02  9.69037007e-04 -9.26073926e-02 -9.26073926e-02 -9.26073926e-02  1.28609736e+03 
-9.24075924e-02  9.68881451e-04 -9.24075924e-02 -9.24075924e-02 -9.24075924e-02  1.28274590e+03 
-9.22077922e-02  9.68725488e-04 -9.22077922e-02 -9.22077922e-02 -9.22077922e-02  1.27939908e+03 
-9.20079920e-02  9.68569116e-04 -9.20079920e-02 -9.20079920e-02 -9.20079920e-02  1.27605693e+03 
-9.18081918e-02  9.68412335e-04 -9.18081918e-02 -9.18081918e-02 -9.18081918e-02  1.27271939e+03 
-9.16083916e-02  9.68255143e-04 -9.16083916e-02 -9.16083916e-02 -9.16083916e-02  1.26938646e+03 
-9.14085914e-02  9.68097537e-04 -9.14085914e-02 -9.14085914e-02 -9.14085914e-02  1.26605814e+03 
-9.12087912e-02  9.67939517e-04 -9.12087912e-02 -9.12087912e-02 -9.12087912e-02  1.26273443e+03 
-9.10089910e-02  9.67781081e-04 -9.10089910e-02 -9.10089910e-02 -9.10089910e-02  1.25941531e+03 
-9.08091908e-02  9.67622227e-04 -9.08091908e-02 -9.08091908e-02 -9.08091908e-02  1.25610074e+03 
-9.06093906e-02  9.67462953e-04 -9.06093906e-02 -9.06093906e-02 -9.06093906e-02  1.25279075e+03 
-9.04095904e-02  9.67303258e-04 -9.04095904e-02 -9.04095904e-02 -9.04095904e-02  1.24948533e+03 
-9.02097902e-02  9.67143141e-04 -9.02097902e-02 -9.02097902e-02 -9.02097902e-02  1.24618445e+03 
-9.00099900e-02  9.66982599e-04 -9.00099900e-02 -9.00099900e-02 -9.00099900e-02  1.24288807e+03 
-8.98101898e-02  9.66821632e-04 -8.98101898e-02 -8.98101898e-02 -8.98101898e-02  1.23959623e+03 
-8.96103896e-02  9.66660236e-04 -8.96103896e-02 -8.96103896e-02 -8.96103896e-02  1.23630890e+03 
-8.94105894e-02  9.66498411e-04 -8.94105894e-02 -8.94105894e-02 -8.94105894e-02  1.23302609e+03 
-8.92107892e-02  9.66336155e-04 -8.92107892e-02 -8.92107892e-02 -8.92107892e-02  1.22974776e+03 
-8.90109890e-02  9.66173466e-04 -8.90109890e-02 -8.90109890e-02 -8.90109890e-02  1.22647390e+03 
-8.88111888e-02  9.66010343e-04 -8.88111888e-02 -8.88111888e-02 -8.88111888e-02  1.22320451e+03 
-8.86113886e-02  9.65846783e-04 -8.86113886e-02 -8.86113886e-02 -8.86113886e-02  1.21993956e+03 
-8.84115884e-02  9.65682785e-04 -8.84115884e-02 -8.84115884e-02 -8.84115884e-02  1.21667907e+03 
-8.82117882e-02  9.65518347e-04 -8.82117882e-02 -8.82117882e-02 -8.82117882e-02  1.21342302e+03 
-8.80119880e-02  9.65353468e-04 -8.80119880e-02 -8.80119880e-02 -8.80119880e-02  1.21017140e+03 
-8.78121878e-02  9.65188146e-04 -8.78121878e-02 -8.78121878e-02 -8.78121878e-02  1.20692419e+03 
-8.76123876e-02  9.65022378e-04 -8.76123876e-02 -8.76123876e-02 -8.76123876e-02  1.20368136e+03 
-8.74125874e-02  9.64856164e-04 -8.74125874e-02 -8.74125874e-02 -8.74125874e-02  1.20044293e+03 
-8.72127872e-02  9.64689501e-04 -8.72127872e-02 -8.72127872e-02 -8.72127872e-02  1.19720890e+03 
-8.70129870e-02  9.64522387e-04 -8.70129870e-02 -8.70129870e-02 -8.70129870e-02  1.19397923e+03 
-8.68131868e-02  9.64354821e-04 -8.68131868e-02 -8.68131868e-02 -8.68131868e-02  1.19075392e+03 
-8.66133866e-02  9.64186801e-04 -8.66133866e-02 -8.66133866e-02 -8.66133866e-02  1.18753297e+03 
-8.64135864e-02  9.64018325e-04 -8.64135864e-02 -8.64135864e-02 -8.64135864e-02  1.18431633e+03 
-8.62137862e-02  9.63849391e-04 -8.62137862e-02 -8.62137862e-02 -8.62137862e-02  1.18110402e+03 
-8.60139860e-02  9.63679997e-04 -8.60139860e-02 -8.60139860e-02 -8.60139860e-02  1.17789603e+03 
-8.58141858e-02  9.63510142e-04 -8.58141858e-02 -8.58141858e-02 -8.58141858e-02  1.17469233e+03 
-8.56143856e-02  9.63339823e-04 -8.56143856e-02 -8.56143856e-02 -8.56143856e-02  1.17149296e+03 
-8.54145854e-02  9.63169038e-04 -8.54145854e-02 -8.54145854e-02 -8.54145854e-02  1.16829785e+03 
-8.52147852e-02  9.62997786e-04 -8.52147852e-02 -8.52147852e-02 -8.52147852e-02  1.16510701e+03 
-8.50149850e-02  9.62826065e-04 -8.50149850e-02 -8.50149850e-02 -8.50149850e-02  1.16192041e+03 
-8.48151848e-02  9.62653873e-04 -8.48151848e-02 -8.48151848e-02 -8.48151848e-02  1.15873808e+03 
-8.46153846e-02  9.62481207e-04 -8.46153846e-02 -8.46153846e-02 -8.46153846e-02  1.15556002e+03 
-8.44155844e-02  9.62308066e-04 -8.44155844e-02 -8.44155844e-02 -8.44155844e-02  1.15238614e+03 
-8.42157842e-02  9.62134448e-04 -8.42157842e-02 -8.42157842e-02 -8.42157842e-02  1.14921647e+03 
-8.40159840e-02  9.61960350e-04 -8.40159840e-02 -8.40159840e-02 -8.40159840e-02  1.14605103e+03 
-8.38161838e-02  9.61785772e-04 -8.38161838e-02 -8.38161838e-02 -8.38161838e-02  1.14288980e+03 
-8.36163836e-02  9.61610710e-04 -8.36163836e-02 -8.36163836e-02 -8.36163836e-02  1.13973272e+03 
-8.34165834e-02  9.61435163e-04 -8.34165834e-02 -8.34165834e-02 -8.34165834e-02  1.13657981e+03 
-8.32167832e-02  9.61259129e-04 -8.32167832e-02 -8.32167832e-02 -8.32167832e-02  1.13343109e+03 
-8.30169830e-02  9.61082605e-04 -8.30169830e-02 -8.30169830e-02 -8.30169830e-02  1.13028649e+03 
-8.28171828e-02  9.60905590e-04 -8.28171828e-02 -8.28171828e-02 -8.28171828e-02  1.12714605e+03 
-8.26173826e-02  9.60728081e-04 -8.26173826e-02 -8.26173826e-02 -8.26173826e-02  1.12400972e+03 
-8.24175824e-02  9.60550076e-04 -8.24175824e-02 -8.24175824e-02 -8.24175824e-02  1.12087751e+03 
-8.22177822e-02  9.60371574e-04 -8.22177822e-02 -8.22177822e-02 -8.22177822e-02  1.11774940e+03 
-8.20179820e-02  9.60192572e-04 -8.20179820e-02 -8.20179820e-02 -8.20179820e-02  1.11462539e+03 
-8.18181818e-02  9.60013068e-04 -8.18181818e-02 -8.18181818e-02 -8.18181818e-02  1.11150547e+03 
-8.16183816e-02  9.59833059e-04 -8.16183816e-02 -8.16183816e-02 -8.16183816e-02  1.10838962e+03 
-8.14185814e-02  9.59652544e-04 -8.14185814e-02 -8.14185814e-02 -8.14185814e-02  1.10527783e+03 
-8.12187812e-02  9.59471521e-04 -8.12187812e-02 -8.12187812e-02 -8.12187812e-02  1.10217008e+03 
-8.10189810e-02  9.59289986e-04 -8.10189810e-02 -8.10189810e-02 -8.10189810e-02  1.09906637e+03 
-8.08191808e-02  9.59107939e-04 -8.08191808e-02 -8.08191808e-02 -8.08191808e-02  1.09596670e+03 
-8.06193806e-02  9.58925376e-04 -8.06193806e-02 -8.06193806e-02 -8.06193806e-02  1.09287102e+03 
-8.04195804e-02  9.58742296e-04 -8.04195804e-02 -8.04195804e-02 -8.04195804e-02  1.08977936e+03 
-8.02197802e-02  9.58558696e-04 -8.02197802e-02 -8.02197802e-02 -8.02197802e-02  1.08669170e+03 
-8.00199800e-02  9.58374574e-04 -8.00199800e-02 -8.00199800e-02 -8.00199800e-02  1.08360800e+03 
-7.98201798e-02  9.58189928e-04 -7.98201798e-02 -7.98201798e-02 -7.98201798e-02  1.08052829e+03 
-7.96203796e-02  9.58004755e-04 -7.96203796e-02 -7.96203796e-02 -7.96203796e-02  1.07745253e+03 
-7.94205794e-02  9.57819053e-04 -7.94205794e-02 -7.94205794e-02 -7.94205794e-02  1.07438072e+03 
-7.92207792e-02  9.57632819e-04 -7.92207792e-02 -7.92207792e-02 -7.92207792e-02  1.07131285e+03 
-7.90209790e-02  9.57446052e-04 -7.90209790e-02 -7.90209790e-02 -7.90209790e-02  1.06824890e+03 
-7.88211788e-02  9.57258749e-04 -7.88211788e-02 -7.88211788e-02 -7.88211788e-02  1.06518887e+03 
-7.86213786e-02  9.57070907e-04 -7.86213786e-02 -7.86213786e-02 -7.86213786e-02  1.06213274e+03 
-7.84215784e-02  9.56882524e-04 -7.84215784e-02 -7.84215784e-02 -7.84215784e-02  1.05908050e+03 
-7.82217782e-02  9.56693598e-04 -7.82217782e-02 -7.82217782e-02 -7.82217782e-02  1.05603214e+03 
-7.80219780e-02  9.56504126e-04 -7.80219780e-02 -7.80219780e-02 -7.80219780e-02  1.05298764e+03 
-7.78221778e-02  9.56314106e-04 -7.78221778e-02 -7.78221778e-02 -7.78221778e-02  1.04994702e+03 
-7.76223776e-02  9.56123535e-04 -7.76223776e-02 -7.76223776e-02 -7.76223776e-02  1.04691024e+03 
-7.74225774e-02  9.55932411e-04 -7.74225774e-02 -7.74225774e-02 -7.74225774e-02  1.04387729e+03 
-7.72227772e-02  9.55740731e-04 -7.72227772e-02 -7.72227772e-02 -7.72227772e-02  1.04084815e+03 
-7.70229770e-02  9.55548493e-04 -7.70229770e-02 -7.70229770e-02 -7.70229770e-02  1.03782284e+03 
-7.68231768e-02  9.55355694e-04 -7.68231768e-02 -7.68231768e-02 -7.68231768e-02  1.03480132e+03 
-7.66233766e-02  9.55162332e-04 -7.66233766e-02 -7.66233766e-02 -7.66233766e-02  1.03178360e+03 
-7.64235764e-02  9.54968403e-04 -7.64235764e-02 -7.64235764e-02 -7.64235764e-02  1.02876965e+03 
-7.62237762e-02  9.54773906e-04 -7.62237762e-02 -7.62237762e-02 -7.62237762e-02  1.02575946e+03 
-7.60239760e-02  9.54578838e-04 -7.60239760e-02 -7.60239760e-02 -7.60239760e-02  1.02275304e+03 
-7.58241758e-02  9.54383195e-04 -7.58241758e-02 -7.58241758e-02 -7.58241758e-02  1.01975035e+03 
-7.56243756e-02  9.54186977e-04 -7.56243756e-02 -7.56243756e-02 -7.56243756e-02  1.01675140e+03 
-7.54245754e-02  9.53990179e-04 -7.54245754e-02 -7.54245754e-02 -7.54245754e-02  1.01375617e+03 
-7.52247752e-02  9.53792799e-04 -7.52247752e-02 -7.52247752e-02 -7.52247752e-02  1.01076465e+03 
-7.50249750e-02  9.53594834e-04 -7.50249750e-02 -7.50249750e-02 -7.50249750e-02  1.00777683e+03 
-7.48251748e-02  9.53396282e-04 -7.48251748e-02 -7.48251748e-02 -7.48251748e-02  1.00479269e+03 
-7.46253746e-02  9.53197140e-04 -7.46253746e-02 -7.46253746e-02 -7.46253746e-02  1.00181221e+03 
-7.44255744e-02  9.52997404e-04 -7.44255744e-02 -7.44255744e-02 -7.44255744e-02  9.98835417e+02 
-7.42257742e-02  9.52797073e-04 -7.42257742e-02 -7.42257742e-02 -7.42257742e-02  9.95862268e+02 
-7.40259740e-02  9.52596144e-04 -7.40259740e-02 -7.40259740e-02 -7.40259740e-02  9.92892760e+02 
-7.38261738e-02  9.52394613e-04 -7.38261738e-02 -7.38261738e-02 -7.38261738e-02  9.89926871e+02 
-7.36263736e-02  9.52192477e-04 -7.36263736e-02 -7.36263736e-02 -7.36263736e-02  9.86964597e+02 
-7.34265734e-02  9.51989734e-04 -7.34265734e-02 -7.34265734e-02 -7.34265734e-02  9.84005948e+02 
-7.32267732e-02  9.51786382e-04 -7.32267732e-02 -7.32267732e-02 -7.32267732e-02  9.81050873e+02 
-7.30269730e-02  9.51582416e-04 -7.30269730e-02 -7.30269730e-02 -7.30269730e-02  9.78099386e+02 
-7.28271728e-02  9.51377834e-04 -7.28271728e-02 -7.28271728e-02 -7.28271728e-02  9.75151466e+02 
-7.26273726e-02  9.51172633e-04 -7.26273726e-02 -7.26273726e-02 -7.26273726e-02  9.72207100e+02 
-7.24275724e-02  9.50966810e-04 -7.24275724e-02 -7.24275724e-02 -7.24275724e-02  9.69266302e+02 
-7.22277722e-02  9.50760362e-04 -7.22277722e-02 -7.22277722e-02 -7.22277722e-02  9.66329025e+02 
-7.20279720e-02  9.50553286e-04 -7.20279720e-02 -7.20279720e-02 -7.20279720e-02  9.63395267e+02 
-7.18281718e-02  9.50345578e-04 -7.18281718e-02 -7.18281718e-02 -7.18281718e-02  9.60465021e+02 
-7.16283716e-02  9.50137237e-04 -7.16283716e-02 -7.16283716e-02 -7.16283716e-02  9.57538272e+02 
-7.14285714e-02  9.49928258e-04 -7.14285714e-02 -7.14285714e-02 -7.14285714e-02  9.54615022e+02 
-7.12287712e-02  9.49718638e-04 -7.12287712e-02 -7.12287712e-02 -7.12287712e-02  9.51695236e+02 
-7.10289710e-02  9.49508375e-04 -7.10289710e-02 -7.10289710e-02 -7.10289710e-02  9.48778926e+02 
-7.08291708e-02  9.49297465e-04 -7.08291708e-02 -7.08291708e-02 -7.08291708e-02  9.45866073e+02 
-7.06293706e-02  9.49085905e-04 -7.06293706e-02 -7.06293706e-02 -7.06293706e-02  9.42956651e+02 
-7.04295704e-02  9.48873691e-04 -7.04295704e-02 -7.04295704e-02 -7.04295704e-02  9.40050644e+02 
-7.02297702e-02  9.48660821e-04 -7.02297702e-02 -7.02297702e-02 -7.02297702e-02  9.37148065e+02 
-7.00299700e-02  9.48447290e-04 -7.00299700e-02 -7.00299700e-02 -7.00299700e-02  9.34248904e+02 
-6.98301698e-02  9.48233097e-04 -6.98301698e-02 -6.98301698e-02 -6.98301698e-02  9.31353129e+02 
-6.96303696e-02  9.48018237e-04 -6.96303696e-02 -6.96303696e-02 -6.96303696e-02  9.28460723e+02 
-6.94305694e-02  9.47802707e-04 -6.94305694e-02 -6.94305694e-02 -6.94305694e-02  9.25571690e+02 
-6.92307692e-02  9.47586503e-04 -6.92307692e-02 -6.92307692e-02 -6.92307692e-02  9.22686019e+02 
-6.90309690e-02  9.47369623e-04 -6.90309690e-02 -6.90309690e-02 -6.90309690e-02  9.19803701e+02 
-6.88311688e-02  9.47152062e-04 -6.88311688e-02 -6.88311688e-02 -6.88311688e-02  9.16924713e+02 
-6.86313686e-02  9.46933818e-04 -6.86313686e-02 -6.86313686e-02 -6.86313686e-02  9.14049036e+02 
-6.84315684e-02  9.46714886e-04 -6.84315684e-02 -6.84315684e-02 -6.84315684e-02  9.11176680e+02 
-6.82317682e-02  9.46495264e-04 -6.82317682e-02 -6.82317682e-02 -6.82317682e-02  9.08307607e+02 
-6.80319680e-02  9.46274947e-04 -6.80319680e-02 -6.80319680e-02 -6.80319680e-02  9.05441838e+02 
-6.78321678e-02  9.46053932e-04 -6.78321678e-02 -6.78321678e-02 -6.78321678e-02  9.02579338e+02 
-6.76323676e-02  9.45832215e-04 -6.76323676e-02 -6.76323676e-02 -6.76323676e-02  8.99720080e+02 
-6.74325674e-02  9.45609793e-04 -6.74325674e-02 -6.74325674e-02 -6.74325674e-02  8.96864084e+02 
-6.72327672e-02  9.45386662e-04 -6.72327672e-02 -6.72327672e-02 -6.72327672e-02  8.94011326e+02 
-6.70329670e-02  9.45162819e-04 -6.70329670e-02 -6.70329670e-02 -6.70329670e-02  8.91161799e+02 
-6.68331668e-02  9.44938258e-04 -6.68331668e-02 -6.68331668e-02 -6.68331668e-02  8.88315483e+02 
-6.66333666e-02  9.44712978e-04 -6.66333666e-02 -6.66333666e-02 -6.66333666e-02  8.85472347e+02 
-6.64335664e-02  9.44486973e-04 -6.64335664e-02 -6.64335664e-02 -6.64335664e-02  8.82632411e+02 
-6.62337662e-02  9.44260241e-04 -6.62337662e-02 -6.62337662e-02 -6.62337662e-02  8.79795665e+02 
-6.60339660e-02  9.44032777e-04 -6.60339660e-02 -6.60339660e-02 -6.60339660e-02  8.76962066e+02 
-6.58341658e-02  9.43804576e-04 -6.58341658e-02 -6.58341658e-02 -6.58341658e-02  8.74131621e+02 
-6.56343656e-02  9.43575637e-04 -6.56343656e-02 -6.56343656e-02 -6.56343656e-02  8.71304317e+02 
-6.54345654e-02  9.43345953e-04 -6.54345654e-02 -6.54345654e-02 -6.54345654e-02  8.68480136e+02 
-6.52347652e-02  9.43115522e-04 -6.52347652e-02 -6.52347652e-02 -6.52347652e-02  8.65659075e+02 
-6.50349650e-02  9.42884339e-04 -6.50349650e-02 -6.50349650e-02 -6.50349650e-02  8.62841113e+02 
-6.48351648e-02  9.42652400e-04 -6.48351648e-02 -6.48351648e-02 -6.48351648e-02  8.60026240e+02 
-6.46353646e-02  9.42419702e-04 -6.46353646e-02 -6.46353646e-02 -6.46353646e-02  8.57214444e+02 
-6.44355644e-02  9.42186239e-04 -6.44355644e-02 -6.44355644e-02 -6.44355644e-02  8.54405707e+02 
-6.42357642e-02  9.41952008e-04 -6.42357642e-02 -6.42357642e-02 -6.42357642e-02  8.51600021e+02 
-6.40359640e-02  9.41717004e-04 -6.40359640e-02 -6.40359640e-02 -6.40359640e-02  8.48797388e+02 
-6.38361638e-02  9.41481224e-04 -6.38361638e-02 -6.38361638e-02 -6.38361638e-02  8.45997777e+02 
-6.36363636e-02  9.41244662e-04 -6.36363636e-02 -6.36363636e-02 -6.36363636e-02  8.43201171e+02 
-6.34365634e-02  9.41007315e-04 -6.34365634e-02 -6.34365634e-02 -6.34365634e-02  8.40407572e+02 
-6.32367632e-02  9.40769178e-04 -6.32367632e-02 -6.32367632e-02 -6.32367632e-02  8.37616958e+02 
-6.30369630e-02  9.40530247e-04 -6.30369630e-02 -6.30369630e-02 -6.30369630e-02  8.34829331e+02 
-6.28371628e-02  9.40290517e-04 -6.28371628e-02 -6.28371628e-02 -6.28371628e-02  8.32044669e+02 
-6.26373626e-02  9.40049983e-04 -6.26373626e-02 -6.26373626e-02 -6.26373626e-02  8.29262941e+02 
-6.24375624e-02  9.39808642e-04 -6.24375624e-02 -6.24375624e-02 -6.24375624e-02  8.26484155e+02 
-6.22377622e-02  9.39566489e-04 -6.22377622e-02 -6.22377622e-02 -6.22377622e-02  8.23708303e+02 
-6.20379620e-02  9.39323519e-04 -6.20379620e-02 -6.20379620e-02 -6.20379620e-02  8.20935362e+02 
-6.18381618e-02  9.39079727e-04 -6.18381618e-02 -6.18381618e-02 -6.18381618e-02  8.18165320e+02 
-6.16383616e-02  9.38835108e-04 -6.16383616e-02 -6.16383616e-02 -6.16383616e-02  8.15398162e+02 
-6.14385614e-02  9.38589659e-04 -6.14385614e-02 -6.14385614e-02 -6.14385614e-02  8.12633873e+02 
-6.12387612e-02  9.38343374e-04 -6.12387612e-02 -6.12387612e-02 -6.12387612e-02  8.09872453e+02 
-6.10389610e-02  9.38096247e-04 -6.10389610e-02 -6.10389610e-02 -6.10389610e-02  8.07113879e+02 
-6.08391608e-02  9.37848276e-04 -6.08391608e-02 -6.08391608e-02 -6.08391608e-02  8.04358133e+02 
-6.06393606e-02  9.37599453e-04 -6.06393606e-02 -6.06393606e-02 -6.06393606e-02  8.01605222e+02 
-6.04395604e-02  9.37349775e-04 -6.04395604e-02 -6.04395604e-02 -6.04395604e-02  7.98855119e+02 
-6.02397602e-02  9.37099237e-04 -6.02397602e-02 -6.02397602e-02 -6.02397602e-02  7.96107804e+02 
-6.00399600e-02  9.36847833e-04 -6.00399600e-02 -6.00399600e-02 -6.00399600e-02  7.93363273e+02 
-5.98401598e-02  9.36595558e-04 -5.98401598e-02 -5.98401598e-02 -5.98401598e-02  7.90621513e+02 
-5.96403596e-02  9.36342407e-04 -5.96403596e-02 -5.96403596e-02 -5.96403596e-02  7.87882509e+02 
-5.94405594e-02  9.36088375e-04 -5.94405594e-02 -5.94405594e-02 -5.94405594e-02  7.85146240e+02 
-5.92407592e-02  9.35833457e-04 -5.92407592e-02 -5.92407592e-02 -5.92407592e-02  7.82412714e+02 
-5.90409590e-02  9.35577647e-04 -5.90409590e-02 -5.90409590e-02 -5.90409590e-02  7.79681903e+02 
-5.88411588e-02  9.35320940e-04 -5.88411588e-02 -5.88411588e-02 -5.88411588e-02  7.76953781e+02 
-5.86413586e-02  9.35063330e-04 -5.86413586e-02 -5.86413586e-02 -5.86413586e-02  7.74228365e+02 
-5.84415584e-02  9.34804812e-04 -5.84415584e-02 -5.84415584e-02 -5.84415584e-02  7.71505620e+02 
-5.82417582e-02  9.34545381e-04 -5.82417582e-02 -5.82417582e-02 -5.82417582e-02  7.68785534e+02 
-5.80419580e-02  9.34285031e-04 -5.80419580e-02 -5.80419580e-02 -5.80419580e-02  7.66068101e+02 
-5.78421578e-02  9.34023756e-04 -5.78421578e-02 -5.78421578e-02 -5.78421578e-02  7.63353301e+02 
-5.76423576e-02  9.33761551e-04 -5.76423576e-02 -5.76423576e-02 -5.76423576e-02  7.60641122e+02 
-5.74425574e-02  9.33498409e-04 -5.74425574e-02 -5.74425574e-02 -5.74425574e-02  7.57931546e+02 
-5.72427572e-02  9.33234326e-04 -5.72427572e-02 -5.72427572e-02 -5.72427572e-02  7.55224575e+02 
-5.70429570e-02  9.32969295e-04 -5.70429570e-02 -5.70429570e-02 -5.70429570e-02  7.52520187e+02 
-5.68431568e-02  9.32703310e-04 -5.68431568e-02 -5.68431568e-02 -5.68431568e-02  7.49818355e+02 
-5.66433566e-02  9.32436365e-04 -5.66433566e-02 -5.66433566e-02 -5.66433566e-02  7.47119079e+02 
-5.64435564e-02  9.32168455e-04 -5.64435564e-02 -5.64435564e-02 -5.64435564e-02  7.44422347e+02 
-5.62437562e-02  9.31899572e-04 -5.62437562e-02 -5.62437562e-02 -5.62437562e-02  7.41728141e+02 
-5.60439560e-02  9.31629712e-04 -5.60439560e-02 -5.60439560e-02 -5.60439560e-02  7.39036435e+02 
-5.58441558e-02  9.31358868e-04 -5.58441558e-02 -5.58441558e-02 -5.58441558e-02  7.36347236e+02 
-5.56443556e-02  9.31087033e-04 -5.56443556e-02 -5.56443556e-02 -5.56443556e-02  7.33660526e+02 
-5.54445554e-02  9.30814201e-04 -5.54445554e-02 -5.54445554e-02 -5.54445554e-02  7.30976274e+02 
-5.52447552e-02  9.30540366e-04 -5.52447552e-02 -5.52447552e-02 -5.52447552e-02  7.28294480e+02 
-5.50449550e-02  9.30265521e-04 -5.50449550e-02 -5.50449550e-02 -5.50449550e-02  7.25615125e+02 
-5.48451548e-02  9.29989660e-04 -5.48451548e-02 -5.48451548e-02 -5.48451548e-02  7.22938202e+02 
-5.46453546e-02  9.29712777e-04 -5.46453546e-02 -5.46453546e-02 -5.46453546e-02  7.20263686e+02 
-5.44455544e-02  9.29434863e-04 -5.44455544e-02 -5.44455544e-02 -5.44455544e-02  7.17591567e+02 
-5.42457542e-02  9.29155913e-04 -5.42457542e-02 -5.42457542e-02 -5.42457542e-02  7.14921833e+02 
-5.40459540e-02  9.28875920e-04 -5.40459540e-02 -5.40459540e-02 -5.40459540e-02  7.12254468e+02 
-5.38461538e-02  9.28594877e-04 -5.38461538e-02 -5.38461538e-02 -5.38461538e-02  7.09589461e+02 
-5.36463536e-02  9.28312777e-04 -5.36463536e-02 -5.36463536e-02 -5.36463536e-02  7.06926787e+02 
-5.34465534e-02  9.28029613e-04 -5.34465534e-02 -5.34465534e-02 -5.34465534e-02  7.04266435e+02 
-5.32467532e-02  9.27745378e-04 -5.32467532e-02 -5.32467532e-02 -5.32467532e-02  7.01608402e+02 
-5.30469530e-02  9.27460064e-04 -5.30469530e-02 -5.30469530e-02 -5.30469530e-02  6.98952661e+02 
-5.28471528e-02  9.27173665e-04 -5.28471528e-02 -5.28471528e-02 -5.28471528e-02  6.96299194e+02 
-5.26473526e-02  9.26886172e-04 -5.26473526e-02 -5.26473526e-02 -5.26473526e-02  6.93647994e+02 
-5.24475524e-02  9.26597579e-04 -5.24475524e-02 -5.24475524e-02 -5.24475524e-02  6.90999050e+02 
-5.22477522e-02  9.26307879e-04 -5.22477522e-02 -5.22477522e-02 -5.22477522e-02  6.88352340e+02 
-5.20479520e-02  9.26017062e-04 -5.20479520e-02 -5.20479520e-02 -5.20479520e-02  6.85707848e+02 
-5.18481518e-02  9.25725122e-04 -5.18481518e-02 -5.18481518e-02 -5.18481518e-02  6.83065561e+02 
-5.16483516e-02  9.25432052e-04 -5.16483516e-02 -5.16483516e-02 -5.16483516e-02  6.80425462e+02 
-5.14485514e-02  9.25137842e-04 -5.14485514e-02 -5.14485514e-02 -5.14485514e-02  6.77787538e+02 
-5.12487512e-02  9.24842486e-04 -5.12487512e-02 -5.12487512e-02 -5.12487512e-02  6.75151773e+02 
-5.10489510e-02  9.24545975e-04 -5.10489510e-02 -5.10489510e-02 -5.10489510e-02  6.72518147e+02 
-5.08491508e-02  9.24248301e-04 -5.08491508e-02 -5.08491508e-02 -5.08491508e-02  6.69886652e+02 
-5.06493506e-02  9.23949455e-04 -5.06493506e-02 -5.06493506e-02 -5.06493506e-02  6.67257272e+02 
-5.04495504e-02  9.23649431e-04 -5.04495504e-02 -5.04495504e-02 -5.04495504e-02  6.64629981e+02 
-5.02497502e-02  9.23348218e-04 -5.02497502e-02 -5.02497502e-02 -5.02497502e-02  6.62004775e+02 
-5.00499500e-02  9.23045809e-04 -5.00499500e-02 -5.00499500e-02 -5.00499500e-02  6.59381631e+02 
-4.98501499e-02  9.22742195e-04 -4.98501499e-02 -4.98501499e-02 -4.98501499e-02  6.56760534e+02 
-4.96503497e-02  9.22437367e-04 -4.96503497e-02 -4.96503497e-02 -4.96503497e-02  6.54141475e+02 
-4.94505495e-02  9.22131317e-04 -4.94505495e-02 -4.94505495e-02 -4.94505495e-02  6.51524429e+02 
-4.92507493e-02  9.21824036e-04 -4.92507493e-02 -4.92507493e-02 -4.92507493e-02  6.48909376e+02 
-4.90509491e-02  9.21515514e-04 -4.90509491e-02 -4.90509491e-02 -4.90509491e-02  6.46296311e+02 
-4.88511489e-02  9.21205743e-04 -4.88511489e-02 -4.88511489e-02 -4.88511489e-02  6.43685218e+02 
-4.86513487e-02  9.20894713e-04 -4.86513487e-02 -4.86513487e-02 -4.86513487e-02  6.41076068e+02 
-4.84515485e-02  9.20582416e-04 -4.84515485e-02 -4.84515485e-02 -4.84515485e-02  6.38468856e+02 
-4.82517483e-02  9.20268840e-04 -4.82517483e-02 -4.82517483e-02 -4.82517483e-02  6.35863563e+02 
-4.80519481e-02  9.19953978e-04 -4.80519481e-02 -4.80519481e-02 -4.80519481e-02  6.33260161e+02 
-4.78521479e-02  9.19637819e-04 -4.78521479e-02 -4.78521479e-02 -4.78521479e-02  6.30658649e+02 
-4.76523477e-02  9.19320354e-04 -4.76523477e-02 -4.76523477e-02 -4.76523477e-02  6.28059002e+02 
-4.74525475e-02  9.19001573e-04 -4.74525475e-02 -4.74525475e-02 -4.74525475e-02  6.25461204e+02 
-4.72527473e-02  9.18681465e-04 -4.72527473e-02 -4.72527473e-02 -4.72527473e-02  6.22865242e+02 
-4.70529471e-02  9.18360021e-04 -4.70529471e-02 -4.70529471e-02 -4.70529471e-02  6.20271086e+02 
-4.68531469e-02  9.18037230e-04 -4.68531469e-02 -4.68531469e-02 -4.68531469e-02  6.17678729e+02 
-4.66533467e-02  9.17713082e-04 -4.66533467e-02 -4.66533467e-02 -4.66533467e-02  6.15088155e+02 
-4.64535465e-02  9.17387566e-04 -4.64535465e-02 -4.64535465e-02 -4.64535465e-02  6.12499342e+02 
-4.62537463e-02  9.17060673e-04 -4.62537463e-02 -4.62537463e-02 -4.62537463e-02  6.09912272e+02 
-4.60539461e-02  9.16732390e-04 -4.60539461e-02 -4.60539461e-02 -4.60539461e-02  6.07326929e+02 
-4.58541459e-02  9.16402707e-04 -4.58541459e-02 -4.58541459e-02 -4.58541459e-02  6.04743290e+02 
-4.56543457e-02  9.16071613e-04 -4.56543457e-02 -4.56543457e-02 -4.56543457e-02  6.02161341e+02 
-4.54545455e-02  9.15739096e-04 -4.54545455e-02 -4.54545455e-02 -4.54545455e-02  5.99581067e+02 
-4.52547453e-02  9.15405147e-04 -4.52547453e-02 -4.52547453e-02 -4.52547453e-02  5.97002443e+02 
-4.50549451e-02  9.15069752e-04 -4.50549451e-02 -4.50549451e-02 -4.50549451e-02  5.94425458e+02 
-4.48551449e-02  9.14732900e-04 -4.48551449e-02 -4.48551449e-02 -4.48551449e-02  5.91850087e+02 
-4.46553447e-02  9.14394580e-04 -4.46553447e-02 -4.46553447e-02 -4.46553447e-02  5.89276312e+02 
-4.44555445e-02  9.14054780e-04 -4.44555445e-02 -4.44555445e-02 -4.44555445e-02  5.86704115e+02 
-4.42557443e-02  9.13713487e-04 -4.42557443e-02 -4.42557443e-02 -4.42557443e-02  5.84133475e+02 
-4.40559441e-02  9.13370689e-04 -4.40559441e-02 -4.40559441e-02 -4.40559441e-02  5.81564375e+02 
-4.38561439e-02  9.13026374e-04 -4.38561439e-02 -4.38561439e-02 -4.38561439e-02  5.78996795e+02 
-4.36563437e-02  9.12680529e-04 -4.36563437e-02 -4.36563437e-02 -4.36563437e-02  5.76430717e+02 
-4.34565435e-02  9.12333141e-04 -4.34565435e-02 -4.34565435e-02 -4.34565435e-02  5.73866122e+02 
-4.32567433e-02  9.11984198e-04 -4.32567433e-02 -4.32567433e-02 -4.32567433e-02  5.71302988e+02 
-4.30569431e-02  9.11633687e-04 -4.30569431e-02 -4.30569431e-02 -4.30569431e-02  5.68741291e+02 
-4.28571429e-02  9.11281594e-04 -4.28571429e-02 -4.28571429e-02 -4.28571429e-02  5.66181015e+02 
-4.26573427e-02  9.10927905e-04 -4.26573427e-02 -4.26573427e-02 -4.26573427e-02  5.63622142e+02 
-4.24575425e-02  9.10572607e-04 -4.24575425e-02 -4.24575425e-02 -4.24575425e-02  5.61064646e+02 
-4.22577423e-02  9.10215687e-04 -4.22577423e-02 -4.22577423e-02 -4.22577423e-02  5.58508510e+02 
-4.20579421e-02  9.09857129e-04 -4.20579421e-02 -4.20579421e-02 -4.20579421e-02  5.55953718e+02 
-4.18581419e-02  9.09496921e-04 -4.18581419e-02 -4.18581419e-02 -4.18581419e-02  5.53400239e+02 
-4.16583417e-02  9.09135047e-04 -4.16583417e-02 -4.16583417e-02 -4.16583417e-02  5.50848053e+02 
-4.14585415e-02  9.08771494e-04 -4.14585415e-02 -4.14585415e-02 -4.14585415e-02  5.48297145e+02 
-4.12587413e-02  9.08406245e-04 -4.12587413e-02 -4.12587413e-02 -4.12587413e-02  5.45747491e+02 
-4.10589411e-02  9.08039286e-04 -4.10589411e-02 -4.10589411e-02 -4.10589411e-02  5.43199066e+02 
-4.08591409e-02  9.07670602e-04 -4.08591409e-02 -4.08591409e-02 -4.08591409e-02  5.40651851e+02 
-4.06593407e-02  9.07300177e-04 -4.06593407e-02 -4.06593407e-02 -4.06593407e-02  5.38105825e+02 
-4.04595405e-02  9.06927996e-04 -4.04595405e-02 -4.04595405e-02 -4.04595405e-02  5.35560959e+02 
-4.02597403e-02  9.06554043e-04 -4.02597403e-02 -4.02597403e-02 -4.02597403e-02  5.33017236e+02 
-4.00599401e-02  9.06178301e-04 -4.00599401e-02 -4.00599401e-02 -4.00599401e-02  5.30474636e+02 
-3.98601399e-02  9.05800755e-04 -3.98601399e-02 -3.98601399e-02 -3.98601399e-02  5.27933128e+02 
-3.96603397e-02  9.05421387e-04 -3.96603397e-02 -3.96603397e-02 -3.96603397e-02  5.25392693e+02 
-3.94605395e-02  9.05040180e-04 -3.94605395e-02 -3.94605395e-02 -3.94605395e-02  5.22853306e+02 
-3.92607393e-02  9.04657118e-04 -3.92607393e-02 -3.92607393e-02 -3.92607393e-02  5.20314945e+02 
-3.90609391e-02  9.04272183e-04 -3.90609391e-02 -3.90609391e-02 -3.90609391e-02  5.17777588e+02 
-3.88611389e-02  9.03885357e-04 -3.88611389e-02 -3.88611389e-02 -3.88611389e-02  5.15241205e+02 
-3.86613387e-02  9.03496623e-04 -3.86613387e-02 -3.86613387e-02 -3.86613387e-02  5.12705772e+02 
-3.84615385e-02  9.03105962e-04 -3.84615385e-02 -3.84615385e-02 -3.84615385e-02  5.10171266e+02 
-3.82617383e-02  9.02713356e-04 -3.82617383e-02 -3.82617383e-02 -3.82617383e-02  5.07637666e+02 
-3.80619381e-02  9.02318786e-04 -3.80619381e-02 -3.80619381e-02 -3.80619381e-02  5.05104944e+02 
-3.78621379e-02  9.01922232e-04 -3.78621379e-02 -3.78621379e-02 -3.78621379e-02  5.02573070e+02 
-3.76623377e-02  9.01523677e-04 -3.76623377e-02 -3.76623377e-02 -3.76623377e-02  5.00042021e+02 
-3.74625375e-02  9.01123099e-04 -3.74625375e-02 -3.74625375e-02 -3.74625375e-02  4.97511772e+02 
-3.72627373e-02  9.00720479e-04 -3.72627373e-02 -3.72627373e-02 -3.72627373e-02  4.94982294e+02 
-3.70629371e-02  9.00315796e-04 -3.70629371e-02 -3.70629371e-02 -3.70629371e-02  4.92453565e+02 
-3.68631369e-02  8.99909031e-04 -3.68631369e-02 -3.68631369e-02 -3.68631369e-02  4.89925553e+02 
-3.66633367e-02  8.99500161e-04 -3.66633367e-02 -3.66633367e-02 -3.66633367e-02  4.87398228e+02 
-3.64635365e-02  8.99089167e-04 -3.64635365e-02 -3.64635365e-02 -3.64635365e-02  4.84871571e+02 
-3.62637363e-02  8.98676025e-04 -3.62637363e-02 -3.62637363e-02 -3.62637363e-02  4.82345550e+02 
-3.60639361e-02  8.98260714e-04 -3.60639361e-02 -3.60639361e-02 -3.60639361e-02  4.79820134e+02 
-3.58641359e-02  8.97843212e-04 -3.58641359e-02 -3.58641359e-02 -3.58641359e-02  4.77295293e+02 
-3.56643357e-02  8.97423496e-04 -3.56643357e-02 -3.56643357e-02 -3.56643357e-02  4.74771001e+02 
-3.54645355e-02  8.97001542e-04 -3.54645355e-02 -3.54645355e-02 -3.54645355e-02  4.72247228e+02 
-3.52647353e-02  8.96577328e-04 -3.52647353e-02 -3.52647353e-02 -3.52647353e-02  4.69723984e+02 
-3.50649351e-02  8.96150829e-04 -3.50649351e-02 -3.50649351e-02 -3.50649351e-02  4.67201410e+02 
-3.48651349e-02  8.95722021e-04 -3.48651349e-02 -3.48651349e-02 -3.48651349e-02  4.64679456e+02 
-3.46653347e-02  8.95290880e-04 -3.46653347e-02 -3.46653347e-02 -3.46653347e-02  4.62157920e+02 
-3.44655345e-02  8.94857381e-04 -3.44655345e-02 -3.44655345e-02 -3.44655345e-02  4.59636746e+02 
-3.42657343e-02  8.94421497e-04 -3.42657343e-02 -3.42657343e-02 -3.42657343e-02  4.57115900e+02 
-3.40659341e-02  8.93983204e-04 -3.40659341e-02 -3.40659341e-02 -3.40659341e-02  4.54595349e+02 
-3.38661339e-02  8.93542473e-04 -3.38661339e-02 -3.38661339e-02 -3.38661339e-02  4.52075063e+02 
-3.36663337e-02  8.93099279e-04 -3.36663337e-02 -3.36663337e-02 -3.36663337e-02  4.49555009e+02 
-3.34665335e-02  8.92653593e-04 -3.34665335e-02 -3.34665335e-02 -3.34665335e-02  4.47035149e+02 
-3.32667333e-02  8.92205388e-04 -3.32667333e-02 -3.32667333e-02 -3.32667333e-02  4.44515453e+02 
-3.30669331e-02  8.91754636e-04 -3.30669331e-02 -3.30669331e-02 -3.30669331e-02  4.41995882e+02 
-3.28671329e-02  8.91301307e-04 -3.28671329e-02 -3.28671329e-02 -3.28671329e-02  4.39476405e+02 
-3.26673327e-02  8.90845371e-04 -3.26673327e-02 -3.26673327e-02 -3.26673327e-02  4.36956984e+02 
-3.24675325e-02  8.90386799e-04 -3.24675325e-02 -3.24675325e-02 -3.24675325e-02  4.34437582e+02 
-3.22677323e-02  8.89925560e-04 -3.22677323e-02 -3.22677323e-02 -3.22677323e-02  4.31918160e+02 
-3.20679321e-02  8.89461623e-04 -3.20679321e-02 -3.20679321e-02 -3.20679321e-02  4.29398684e+02 
-3.18681319e-02  8.88994956e-04 -3.18681319e-02 -3.18681319e-02 -3.18681319e-02  4.26879115e+02 
-3.16683317e-02  8.88525526e-04 -3.16683317e-02 -3.16683317e-02 -3.16683317e-02  4.24359411e+02 
-3.14685315e-02  8.88053300e-04 -3.14685315e-02 -3.14685315e-02 -3.14685315e-02  4.21839538e+02 
-3.12687313e-02  8.87578245e-04 -3.12687313e-02 -3.12687313e-02 -3.12687313e-02  4.19319452e+02 
-3.10689311e-02  8.87100326e-04 -3.10689311e-02 -3.10689311e-02 -3.10689311e-02  4.16799110e+02 
-3.08691309e-02  8.86619509e-04 -3.08691309e-02 -3.08691309e-02 -3.08691309e-02  4.14278475e+02 
-3.06693307e-02  8.86135757e-04 -3.06693307e-02 -3.06693307e-02 -3.06693307e-02  4.11757504e+02 
-3.04695305e-02  8.85649034e-04 -3.04695305e-02 -3.04695305e-02 -3.04695305e-02  4.09236153e+02 
-3.02697303e-02  8.85159303e-04 -3.02697303e-02 -3.02697303e-02 -3.02697303e-02  4.06714378e+02 
-3.00699301e-02  8.84666525e-04 -3.00699301e-02 -3.00699301e-02 -3.00699301e-02  4.04192135e+02 
-2.98701299e-02  8.84170663e-04 -2.98701299e-02 -2.98701299e-02 -2.98701299e-02  4.01669384e+02 
-2.96703297e-02  8.83671676e-04 -2.96703297e-02 -2.96703297e-02 -2.96703297e-02  3.99146101e+02 
-2.94705295e-02  8.83169525e-04 -2.94705295e-02 -2.94705295e-02 -2.94705295e-02  3.96622238e+02 
-2.92707293e-02  8.82664167e-04 -2.92707293e-02 -2.92707293e-02 -2.92707293e-02  3.94097723e+02 
-2.90709291e-02  8.82155562e-04 -2.90709291e-02 -2.90709291e-02 -2.90709291e-02  3.91572503e+02 
-2.88711289e-02  8.81643666e-04 -2.88711289e-02 -2.88711289e-02 -2.88711289e-02  3.89046530e+02 
-2.86713287e-02  8.81128434e-04 -2.86713287e-02 -2.86713287e-02 -2.86713287e-02  3.86519752e+02 
-2.84715285e-02  8.80609823e-04 -2.84715285e-02 -2.84715285e-02 -2.84715285e-02  3.83992120e+02 
-2.82717283e-02  8.80087787e-04 -2.82717283e-02 -2.82717283e-02 -2.82717283e-02  3.81463581e+02 
-2.80719281e-02  8.79562278e-04 -2.80719281e-02 -2.80719281e-02 -2.80719281e-02  3.78934081e+02 
-2.78721279e-02  8.79033249e-04 -2.78721279e-02 -2.78721279e-02 -2.78721279e-02  3.76403565e+02 
-2.76723277e-02  8.78500651e-04 -2.76723277e-02 -2.76723277e-02 -2.76723277e-02  3.73871976e+02 
-2.74725275e-02  8.77964433e-04 -2.74725275e-02 -2.74725275e-02 -2.74725275e-02  3.71339259e+02 
-2.72727273e-02  8.77424545e-04 -2.72727273e-02 -2.72727273e-02 -2.72727273e-02  3.68805360e+02 
-2.70729271e-02  8.76880933e-04 -2.70729271e-02 -2.70729271e-02 -2.70729271e-02  3.66270213e+02 
-2.68731269e-02  8.76333546e-04 -2.68731269e-02 -2.68731269e-02 -2.68731269e-02  3.63733761e+02 
-2.66733267e-02  8.75782327e-04 -2.66733267e-02 -2.66733267e-02 -2.66733267e-02  3.61195943e+02 
-2.64735265e-02  8.75227220e-04 -2.64735265e-02 -2.64735265e-02 -2.64735265e-02  3.58656694e+02 
-2.62737263e-02  8.74668168e-04 -2.62737263e-02 -2.62737263e-02 -2.62737263e-02  3.56115950e+02 
-2.60739261e-02  8.74105112e-04 -2.60739261e-02 -2.60739261e-02 -2.60739261e-02  3.53573648e+02 
-2.58741259e-02  8.73537992e-04 -2.58741259e-02 -2.58741259e-02 -2.58741259e-02  3.51029718e+02 
-2.56743257e-02  8.72966746e-04 -2.56743257e-02 -2.56743257e-02 -2.56743257e-02  3.48484092e+02 
-2.54745255e-02  8.72391310e-04 -2.54745255e-02 -2.54745255e-02 -2.54745255e-02  3.45936701e+02 
-2.52747253e-02  8.71811620e-04 -2.52747253e-02 -2.52747253e-02 -2.52747253e-02  3.43387469e+02 
-2.50749251e-02  8.71227609e-04 -2.50749251e-02 -2.50749251e-02 -2.50749251e-02  3.40836327e+02 
-2.48751249e-02  8.70639209e-04 -2.48751249e-02 -2.48751249e-02 -2.48751249e-02  3.38283199e+02 
-2.46753247e-02  8.70046349e-04 -2.46753247e-02 -2.46753247e-02 -2.46753247e-02  3.35728006e+02 
-2.44755245e-02  8.69448958e-04 -2.44755245e-02 -2.44755245e-02 -2.44755245e-02  3.33170671e+02 
-2.42757243e-02  8.68846963e-04 -2.42757243e-02 -2.42757243e-02 -2.42757243e-02  3.30611113e+02 
-2.40759241e-02  8.68240286e-04 -2.40759241e-02 -2.40759241e-02 -2.40759241e-02  3.28049247e+02 
-2.38761239e-02  8.67628852e-04 -2.38761239e-02 -2.38761239e-02 -2.38761239e-02  3.25484992e+02 
-2.36763237e-02  8.67012579e-04 -2.36763237e-02 -2.36763237e-02 -2.36763237e-02  3.22918258e+02 
-2.34765235e-02  8.66391386e-04 -2.34765235e-02 -2.34765235e-02 -2.34765235e-02  3.20348956e+02 
-2.32767233e-02  8.65765188e-04 -2.32767233e-02 -2.32767233e-02 -2.32767233e-02  3.17776996e+02 
-2.30769231e-02  8.65133899e-04 -2.30769231e-02 -2.30769231e-02 -2.30769231e-02  3.15202285e+02 
-2.28771229e-02  8.64497429e-04 -2.28771229e-02 -2.28771229e-02 -2.28771229e-02  3.12624724e+02 
-2.26773227e-02  8.63855688e-04 -2.26773227e-02 -2.26773227e-02 -2.26773227e-02  3.10044215e+02 
-2.24775225e-02  8.63208579e-04 -2.24775225e-02 -2.24775225e-02 -2.24775225e-02  3.07460657e+02 
-2.22777223e-02  8.62556008e-04 -2.22777223e-02 -2.22777223e-02 -2.22777223e-02  3.04873947e+02 
-2.20779221e-02  8.61897873e-04 -2.20779221e-02 -2.20779221e-02 -2.20779221e-02  3.02283977e+02 
-2.18781219e-02  8.61234071e-04 -2.18781219e-02 -2.18781219e-02 -2.18781219e-02  2.99690636e+02 
-2.16783217e-02  8.60564496e-04 -2.16783217e-02 -2.16783217e-02 -2.16783217e-02  2.97093812e+02 
-2.14785215e-02  8.59889040e-04 -2.14785215e-02 -2.14785215e-02 -2.14785215e-02  2.94493389e+02 
-2.12787213e-02  8.59207588e-04 -2.12787213e-02 -2.12787213e-02 -2.12787213e-02  2.91889247e+02 
-2.10789211e-02  8.58520026e-04 -2.10789211e-02 -2.10789211e-02 -2.10789211e-02  2.89281263e+02 
-2.08791209e-02  8.57826232e-04 -2.08791209e-02 -2.08791209e-02 -2.08791209e-02  2.86669312e+02 
-2.06793207e-02  8.57126084e-04 -2.06793207e-02 -2.06793207e-02 -2.06793207e-02  2.84053260e+02 
-2.04795205e-02  8.56419452e-04 -2.04795205e-02 -2.04795205e-02 -2.04795205e-02  2.81432976e+02 
-2.02797203e-02  8.55706206e-04 -2.02797203e-02 -2.02797203e-02 -2.02797203e-02  2.78808321e+02 
-2.00799201e-02  8.54986208e-04 -2.00799201e-02 -2.00799201e-02 -2.00799201e-02  2.76179151e+02 
-1.98801199e-02  8.54259318e-04 -1.98801199e-02 -1.98801199e-02 -1.98801199e-02  2.73545322e+02 
-1.96803197e-02  8.53525389e-04 -1.96803197e-02 -1.96803197e-02 -1.96803197e-02  2.70906680e+02 
-1.94805195e-02  8.52784270e-04 -1.94805195e-02 -1.94805195e-02 -1.94805195e-02  2.68263069e+02 
-1.92807193e-02  8.52035805e-04 -1.92807193e-02 -1.92807193e-02 -1.92807193e-02  2.65614329e+02 
-1.90809191e-02  8.51279831e-04 -1.90809191e-02 -1.90809191e-02 -1.90809191e-02  2.62960294e+02 
-1.88811189e-02  8.50516182e-04 -1.88811189e-02 -1.88811189e-02 -1.88811189e-02  2.60300792e+02 
-1.86813187e-02  8.49744683e-04 -1.86813187e-02 -1.86813187e-02 -1.86813187e-02  2.57635643e+02 
-1.84815185e-02  8.48965153e-04 -1.84815185e-02 -1.84815185e-02 -1.84815185e-02  2.54964666e+02 
-1.82817183e-02  8.48177405e-04 -1.82817183e-02 -1.82817183e-02 -1.82817183e-02  2.52287672e+02 
-1.80819181e-02  8.47381245e-04 -1.80819181e-02 -1.80819181e-02 -1.80819181e-02  2.49604464e+02 
-1.78821179e-02  8.46576471e-04 -1.78821179e-02 -1.78821179e-02 -1.78821179e-02  2.46914838e+02 
-1.76823177e-02  8.45762872e-04 -1.76823177e-02 -1.76823177e-02 -1.76823177e-02  2.44218587e+02 
-1.74825175e-02  8.44940230e-04 -1.74825175e-02 -1.74825175e-02 -1.74825175e-02  2.41515493e+02 
-1.72827173e-02  8.44108318e-04 -1.72827173e-02 -1.72827173e-02 -1.72827173e-02  2.38805330e+02 
-1.70829171e-02  8.43266899e-04 -1.70829171e-02 -1.70829171e-02 -1.70829171e-02  2.36087866e+02 
-1.68831169e-02  8.42415726e-04 -1.68831169e-02 -1.68831169e-02 -1.68831169e-02  2.33362858e+02 
-1.66833167e-02  8.41554542e-04 -1.66833167e-02 -1.66833167e-02 -1.66833167e-02  2.30630058e+02 
-1.64835165e-02  8.40683079e-04 -1.64835165e-02 -1.64835165e-02 -1.64835165e-02  2.27889207e+02 
-1.62837163e-02  8.39801057e-04 -1.62837163e-02 -1.62837163e-02 -1.62837163e-02  2.25140034e+02 
-1.60839161e-02  8.38908182e-04 -1.60839161e-02 -1.60839161e-02 -1.60839161e-02  2.22382260e+02 
-1.58841159e-02  8.38004149e-04 -1.58841159e-02 -1.58841159e-02 -1.58841159e-02  2.19615595e+02 
-1.56843157e-02  8.37088637e-04 -1.56843157e-02 -1.56843157e-02 -1.56843157e-02  2.16839737e+02 
-1.54845155e-02  8.36161312e-04 -1.54845155e-02 -1.54845155e-02 -1.54845155e-02  2.14054373e+02 
-1.52847153e-02  8.35221820e-04 -1.52847153e-02 -1.52847153e-02 -1.52847153e-02  2.11259178e+02 
-1.50849151e-02  8.34269794e-04 -1.50849151e-02 -1.50849151e-02 -1.50849151e-02  2.08453813e+02 
-1.48851149e-02  8.33304847e-04 -1.48851149e-02 -1.48851149e-02 -1.48851149e-02  2.05637925e+02 
-1.46853147e-02  8.32326571e-04 -1.46853147e-02 -1.46853147e-02 -1.46853147e-02  2.02811149e+02 
-1.44855145e-02  8.31334539e-04 -1.44855145e-02 -1.44855145e-02 -1.44855145e-02  1.99973102e+02 
-1.42857143e-02  8.30328300e-04 -1.42857143e-02 -1.42857143e-02 -1.42857143e-02  1.97123386e+02 
-1.40859141e-02  8.29307380e-04 -1.40859141e-02 -1.40859141e-02 -1.40859141e-02  1.94261587e+02 
-1.38861139e-02  8.28271278e-04 -1.38861139e-02 -1.38861139e-02 -1.38861139e-02  1.91387274e+02 
-1.36863137e-02  8.27219465e-04 -1.36863137e-02 -1.36863137e-02 -1.36863137e-02  1.88499994e+02 
-1.34865135e-02  8.26151382e-04 -1.34865135e-02 -1.34865135e-02 -1.34865135e-02  1.85599279e+02 
-1.32867133e-02  8.25066437e-04 -1.32867133e-02 -1.32867133e-02 -1.32867133e-02  1.82684638e+02 
-1.30869131e-02  8.23964004e-04 -1.30869131e-02 -1.30869131e-02 -1.30869131e-02  1.79755558e+02 
-1.28871129e-02  8.22843416e-04 -1.28871129e-02 -1.28871129e-02 -1.28871129e-02  1.76811504e+02 
-1.26873127e-02  8.21703967e-04 -1.26873127e-02 -1.26873127e-02 -1.26873127e-02  1.73851918e+02 
-1.24875125e-02  8.20544906e-04 -1.24875125e-02 -1.24875125e-02 -1.24875125e-02  1.70876215e+02 
-1.22877123e-02  8.19365430e-04 -1.22877123e-02 -1.22877123e-02 -1.22877123e-02  1.67883786e+02 
-1.20879121e-02  8.18164686e-04 -1.20879121e-02 -1.20879121e-02 -1.20879121e-02  1.64873991e+02 
-1.18881119e-02  8.16941759e-04 -1.18881119e-02 -1.18881119e-02 -1.18881119e-02  1.61846162e+02 
-1.16883117e-02  8.15695672e-04 -1.16883117e-02 -1.16883117e-02 -1.16883117e-02  1.58799602e+02 
-1.14885115e-02  8.14425377e-04 -1.14885115e-02 -1.14885115e-02 -1.14885115e-02  1.55733579e+02 
-1.12887113e-02  8.13129749e-04 -1.12887113e-02 -1.12887113e-02 -1.12887113e-02  1.52647330e+02 
-1.10889111e-02  8.11807576e-04 -1.10889111e-02 -1.10889111e-02 -1.10889111e-02  1.49540055e+02 
-1.08891109e-02  8.10457552e-04 -1.08891109e-02 -1.08891109e-02 -1.08891109e-02  1.46410916e+02 
-1.06893107e-02  8.09078268e-04 -1.06893107e-02 -1.06893107e-02 -1.06893107e-02  1.43259039e+02 
-1.04895105e-02  8.07668197e-04 -1.04895105e-02 -1.04895105e-02 -1.04895105e-02  1.40083509e+02 
-1.02897103e-02  8.06225681e-04 -1.02897103e-02 -1.02897103e-02 -1.02897103e-02  1.36883369e+02 
-1.00899101e-02  8.04748920e-04 -1.00899101e-02 -1.00899101e-02 -1.00899101e-02  1.33657622e+02 
-9.89010989e-03  8.03235950e-04 -9.89010989e-03 -9.89010989e-03 -9.89010989e-03  1.30405225e+02 
-9.69030969e-03  8.01684623e-04 -9.69030969e-03 -9.69030969e-03 -9.69030969e-03  1.27125092e+02 
-9.49050949e-03  8.00092586e-04 -9.49050949e-03 -9.49050949e-03 -9.49050949e-03  1.23816092e+02 
-9.29070929e-03  7.98457252e-04 -9.29070929e-03 -9.29070929e-03 -9.29070929e-03  1.20477054e+02 
-9.09090909e-03  7.96775768e-04 -9.09090909e-03 -9.09090909e-03 -9.09090909e-03  1.17106759e+02 
-8.89110889e-03  7.95044978e-04 -8.89110889e-03 -8.89110889e-03 -8.89110889e-03  1.13703951e+02 
-8.69130869e-03  7.93261375e-04 -8.69130869e-03 -8.69130869e-03 -8.69130869e-03  1.10267339e+02 
-8.49150849e-03  7.91421054e-04 -8.49150849e-03 -8.49150849e-03 -8.49150849e-03  1.06795600e+02 
-8.29170829e-03  7.89519644e-04 -8.29170829e-03 -8.29170829e-03 -8.29170829e-03  1.03287390e+02 
-8.09190809e-03  7.87552234e-04 -8.09190809e-03 -8.09190809e-03 -8.09190809e-03  9.97413534e+01 
-7.89210789e-03  7.85513278e-04 -7.89210789e-03 -7.89210789e-03 -7.89210789e-03  9.61561426e+01 
-7.69230769e-03  7.83396489e-04 -7.69230769e-03 -7.69230769e-03 -7.69230769e-03  9.25304365e+01 
-7.49250749e-03  7.81194695e-04 -7.49250749e-03 -7.49250749e-03 -7.49250749e-03  8.88629719e+01 
-7.29270729e-03  7.78899673e-04 -7.29270729e-03 -7.29270729e-03 -7.29270729e-03  8.51525813e+01 
-7.09290709e-03  7.76501937e-04 -7.09290709e-03 -7.09290709e-03 -7.09290709e-03  8.13982464e+01 
-6.89310689e-03  7.73990471e-04 -6.89310689e-03 -6.89310689e-03 -6.89310689e-03  7.75991671e+01 
-6.69330669e-03  7.71352392e-04 -6.69330669e-03 -6.69330669e-03 -6.69330669e-03  7.37548538e+01 
-6.49350649e-03  7.68572518e-04 -6.49350649e-03 -6.49350649e-03 -6.49350649e-03  6.98652505e+01 
-6.29370629e-03  7.65632805e-04 -6.29370629e-03 -6.29370629e-03 -6.29370629e-03  6.59308980e+01 
-6.09390609e-03  7.62511620e-04 -6.09390609e-03 -6.09390609e-03 -6.09390609e-03  6.19531513e+01 
-5.89410589e-03  7.59182764e-04 -5.89410589e-03 -5.89410589e-03 -5.89410589e-03  5.79344700e+01 
-5.69430569e-03  7.55614165e-04 -5.69430569e-03 -5.69430569e-03 -5.69430569e-03  5.38788059e+01 
-5.49450549e-03  7.51766111e-04 -5.49450549e-03 -5.49450549e-03 -5.49450549e-03  4.97921212e+01 
-5.29470529e-03  7.47588791e-04 -5.29470529e-03 -5.29470529e-03 -5.29470529e-03  4.56830798e+01 
-5.09490509e-03  7.43018881e-04 -5.09490509e-03 -5.09490509e-03 -5.09490509e-03  4.15639683e+01 
-4.89510490e-03  7.37974685e-04 -4.89510490e-03 -4.89510490e-03 -4.89510490e-03  3.74519089e+01 
-4.69530470e-03  7.32349187e-04 -4.69530470e-03 -4.69530470e-03 -4.69530470e-03  3.33704305e+01 
-4.49550450e-03  7.26000000e-04 -4.49550450e-03 -4.49550450e-03 -4.49550450e-03  2.93514322e+01 
-4.29570430e-03  7.18734846e-04 -4.29570430e-03 -4.29570430e-03 -4.29570430e-03  2.54374650e+01 
-4.09590410e-03  7.10290872e-04 -4.09590410e-03 -4.09590410e-03 -4.09590410e-03  2.16839826e+01 
-3.89610390e-03  7.00306479e-04 -3.89610390e-03 -3.89610390e-03 -3.89610390e-03  1.81606000e+01 
-3.69630370e-03  6.88287171e-04 -3.69630370e-03 -3.69630370e-03 -3.69630370e-03  1.49493094e+01 
-3.49650350e-03  6.73576120e-04 -3.49650350e-03 -3.49650350e-03 -3.49650350e-03  1.21363121e+01 
-3.29670330e-03  6.55361156e-04 -3.29670330e-03 -3.29670330e-03 -3.29670330e-03  9.79442016e+00 
-3.09690310e-03  6.32777340e-04 -3.09690310e-03 -3.09690310e-03 -3.09690310e-03  7.95856627e+00 
-2.89710290e-03  6.05151057e-04 -2.89710290e-03 -2.89710290e-03 -2.89710290e-03  6.60797084e+00 
-2.69730270e-03  5.72304857e-04 -2.69730270e-03 -2.69730270e-03 -2.69730270e-03  5.67159026e+00 
-2.49750250e-03  5.34694557e-04 -2.49750250e-03 -2.49750250e-03 -2.49750250e-03  5.05565979e+00 
-2.29770230e-03  4.93264650e-04 -2.29770230e-03 -2.29770230e-03 -2.29770230e-03  4.67299260e+00 
-2.09790210e-03  4.49181817e-04 -2.09790210e-03 -2.09790210e-03 -2.09790210e-03  4.45777735e+00 
-1.89810190e-03  4.03623475e-04 -1.89810190e-03 -1.89810190e-03 -1.89810190e-03  4.36605351e+00 
-1.69830170e-03  3.57657424e-04 -1.69830170e-03 -1.69830170e-03 -1.69830170e-03  4.37018980e+00 
-1.49850150e-03  3.12185707e-04 -1.49850150e-03 -1.49850150e-03 -1.49850150e-03  4.45182523e+00 
-1.29870130e-03  2.67896398e-04 -1.29870130e-03 -1.29870130e-03 -1.29870130e-03  4.59248390e+00 
-1.09890110e-03  2.25173883e-04 -1.09890110e-03 -1.09890110e-03 -1.09890110e-03  4.76061780e+00 
-8.99100899e-04  1.83957629e-04 -8.99100899e-04 -8.99100899e-04 -8.99100899e-04  4.90287730e+00 
-6.99300699e-04  1.43670641e-04 -6.99300699e-04 -6.99300699e-04 -6.99300699e-04  4.96321357e+00 
-4.99500499e-04  1.03445196e-04 -4.99500499e-04 -4.99500499e-04 -4.99500499e-04  4.92695636e+00 
-2.99700300e-04  6.25657209e-05 -2.99700300e-04 -2.99700300e-04 -2.99700300e-04  4.83151591e+00 
-9.99000999e-05  2.07381517e-05 -9.99000999e-05 -9.99000999e-05 -9.99000999e-05  4.72886891e+00 
 9.99000999e-05 -2.19366004e-05  9.99000999e-05  9.99000999e-05  9.99000999e-05  4.65316180e+00 
 2.99700300e-04 -6.51390254e-05  2.99700300e-04  2.99700300e-04  2.99700300e-04  4.61225182e+00 
 4.99500500e-04 -1.08575495e-04  4.99500500e-04  4.99500500e-04  4.99500500e-04  4.58964312e+00 
 6.99300699e-04 -1.52204706e-04  6.99300699e-04  6.99300699e-04  6.99300699e-04  4.55408121e+00 
 8.99100899e-04 -1.96321054e-04  8.99100899e-04  8.99100899e-04  8.99100899e-04  4.47982114e+00 
 1.09890110e-03 -2.41404785e-04  1.09890110e-03  1.09890110e-03  1.09890110e-03  4.36753559e+00 
 1.29870130e-03 -2.87814389e-04  1.29870130e-03  1.29870130e-03  1.29870130e-03  4.24291359e+00 
 1.49850150e-03 -3.35585444e-04  1.49850150e-03  1.49850150e-03  1.49850150e-03  4.13521992e+00 
 1.69830170e-03 -3.84447799e-04  1.69830170e-03  1.69830170e-03  1.69830170e-03  4.06309227e+00 
 1.89810190e-03 -4.33934281e-04  1.89810190e-03  1.89810190e-03  1.89810190e-03  4.03593250e+00 
 2.09790210e-03 -4.83458474e-04  2.09790210e-03  2.09790210e-03  2.09790210e-03  4.06058742e+00 
 2.29770230e-03 -5.32343787e-04  2.29770230e-03  2.29770230e-03  2.29770230e-03  4.14657122e+00 
 2.49750250e-03 -5.79827348e-04  2.49750250e-03  2.49750250e-03  2.49750250e-03  4.30962582e+00 
 2.69730270e-03 -6.25066546e-04  2.69730270e-03  2.69730270e-03  2.69730270e-03  4.57451044e+00 
 2.89710290e-03 -6.67181045e-04  2.89710290e-03  2.89710290e-03  2.89710290e-03  4.97669386e+00 
 3.09690310e-03 -7.05360896e-04  3.09690310e-03  3.09690310e-03  3.09690310e-03  5.56140080e+00 
 3.29670330e-03 -7.39033517e-04  3.29670330e-03  3.29670330e-03  3.29670330e-03  6.37818461e+00 
 3.49650350e-03 -7.68012015e-04  3.49650350e-03  3.49650350e-03  3.49650350e-03  7.47051499e+00 
 3.69630370e-03 -7.92523859e-04  3.69630370e-03  3.69630370e-03  3.69630370e-03  8.86319813e+00 
 3.89610390e-03 -8.13097366e-04  3.89610390e-03  3.89610390e-03  3.89610390e-03  1.05546886e+01 
 4.09590410e-03 -8.30383849e-04  4.09590410e-03  4.09590410e-03  4.09590410e-03  1.25205462e+01 
 4.29570430e-03 -8.45012938e-04  4.29570430e-03  4.29570430e-03  4.29570430e-03  1.47248187e+01 
 4.49550450e-03 -8.57521731e-04  4.49550450e-03  4.49550450e-03  4.49550450e-03  1.71297215e+01 
 4.69530470e-03 -8.68340837e-04  4.69530470e-03  4.69530470e-03  4.69530470e-03  1.96998167e+01 
 4.89510490e-03 -8.77806204e-04  4.89510490e-03  4.89510490e-03  4.89510490e-03  2.24033371e+01 
 5.09490509e-03 -8.86177483e-04  5.09490509e-03  5.09490509e-03  5.09490509e-03  2.52127329e+01 
 5.29470529e-03 -8.93655355e-04  5.29470529e-03  5.29470529e-03  5.29470529e-03  2.81047285e+01 
 5.49450549e-03 -9.00395745e-04  5.49450549e-03  5.49450549e-03  5.49450549e-03  3.10599930e+01 
 5.69430569e-03 -9.06520792e-04  5.69430569e-03  5.69430569e-03  5.69430569e-03  3.40626354e+01 
 5.89410589e-03 -9.12127086e-04  5.89410589e-03  5.89410589e-03  5.89410589e-03  3.70996698e+01 
 6.09390609e-03 -9.17291788e-04  6.09390609e-03  6.09390609e-03  6.09390609e-03  4.01605199e+01 
 6.29370629e-03 -9.22077167e-04  6.29370629e-03  6.29370629e-03  6.29370629e-03  4.32365873e+01 
 6.49350649e-03 -9.26533970e-04  6.49350649e-03  6.49350649e-03  6.49350649e-03  4.63208899e+01 
 6.69330669e-03 -9.30703953e-04  6.69330669e-03  6.69330669e-03  6.69330669e-03  4.94077638e+01 
 6.89310689e-03 -9.34621776e-04  6.89310689e-03  6.89310689e-03  6.89310689e-03  5.24926209e+01 
 7.09290709e-03 -9.38316459e-04  7.09290709e-03  7.09290709e-03  7.09290709e-03  5.55717514e+01 
 7.29270729e-03 -9.41812487e-04  7.29270729e-03  7.29270729e-03  7.29270729e-03  5.86421651e+01 
 7.49250749e-03 -9.45130675e-04  7.49250749e-03  7.49250749e-03  7.49250749e-03  6.17014613e+01 
 7.69230769e-03 -9.48288839e-04  7.69230769e-03  7.69230769e-03  7.69230769e-03  6.47477239e+01 
 7.89210789e-03 -9.51302327e-04  7.89210789e-03  7.89210789e-03  7.89210789e-03  6.77794362e+01 
 8.09190809e-03 -9.54184439e-04  8.09190809e-03  8.09190809e-03  8.09190809e-03  7.07954110e+01 
 8.29170829e-03 -9.56946766e-04  8.29170829e-03  8.29170829e-03  8.29170829e-03  7.37947329e+01 
 8.49150849e-03 -9.59599465e-04  8.49150849e-03  8.49150849e-03  8.49150849e-03  7.67767119e+01 
 8.69130869e-03 -9.62151475e-04  8.69130869e-03  8.69130869e-03  8.69130869e-03  7.97408445e+01 
 8.89110889e-03 -9.64610703e-04  8.89110889e-03  8.89110889e-03  8.89110889e-03  8.26867816e+01 
 9.09090909e-03 -9.66984174e-04  9.09090909e-03  9.09090909e-03  9.09090909e-03  8.56143023e+01 
 9.29070929e-03 -9.69278152e-04  9.29070929e-03  9.29070929e-03  9.29070929e-03  8.85232913e+01 
 9.49050949e-03 -9.71498245e-04  9.49050949e-03  9.49050949e-03  9.49050949e-03  9.14137213e+01 
 9.69030969e-03 -9.73649492e-04  9.69030969e-03  9.69030969e-03  9.69030969e-03  9.42856372e+01 
 9.89010989e-03 -9.75736435e-04  9.89010989e-03  9.89010989e-03  9.89010989e-03  9.71391436e+01 
 1.00899101e-02 -9.77763183e-04  1.00899101e-02  1.00899101e-02  1.00899101e-02  9.99743938e+01 
 1.02897103e-02 -9.79733462e-04  1.02897103e-02  1.02897103e-02  1.02897103e-02  1.02791581e+02 
 1.04895105e-02 -9.81650664e-04  1.04895105e-02  1.04895105e-02  1.04895105e-02  1.05590931e+02 
 1.06893107e-02 -9.83517882e-04  1.06893107e-02  1.06893107e-02  1.06893107e-02  1.08372696e+02 
 1.08891109e-02 -9.85337944e-04  1.08891109e-02  1.08891109e-02  1.08891109e-02  1.11137147e+02 
 1.10889111e-02 -9.87113443e-04  1.10889111e-02  1.10889111e-02  1.10889111e-02  1.13884573e+02 
 1.12887113e-02 -9.88846763e-04  1.12887113e-02  1.12887113e-02  1.12887113e-02  1.16615275e+02 
 1.14885115e-02 -9.90540099e-04  1.14885115e-02  1.14885115e-02  1.14885115e-02  1.19329564e+02 
 1.16883117e-02 -9.92195476e-04  1.16883117e-02  1.16883117e-02  1.16883117e-02  1.22027755e+02 
 1.18881119e-02 -9.93814767e-04  1.18881119e-02  1.18881119e-02  1.18881119e-02  1.24710171e+02 
 1.20879121e-02 -9.95399708e-04  1.20879121e-02  1.20879121e-02  1.20879121e-02  1.27377133e+02 
 1.22877123e-02 -9.96951911e-04  1.22877123e-02  1.22877123e-02  1.22877123e-02  1.30028967e+02 
 1.24875125e-02 -9.98472873e-04  1.24875125e-02  1.24875125e-02  1.24875125e-02  1.32665996e+02 
 1.26873127e-02 -9.99963989e-04  1.26873127e-02  1.26873127e-02  1.26873127e-02  1.35288542e+02 
 1.28871129e-02 -1.00142656e-03  1.28871129e-02  1.28871129e-02  1.28871129e-02  1.37896925e+02 
 1.30869131e-02 -1.00286181e-03  1.30869131e-02  1.30869131e-02  1.30869131e-02  1.40491462e+02 
 1.32867133e-02 -1.00427087e-03  1.32867133e-02  1.32867133e-02  1.32867133e-02  1.43072464e+02 
 1.34865135e-02 -1.00565480e-03  1.34865135e-02  1.34865135e-02  1.34865135e-02  1.45640240e+02 
 1.36863137e-02 -1.00701462e-03  1.36863137e-02  1.36863137e-02  1.36863137e-02  1.48195093e+02 
 1.38861139e-02 -1.00835125e-03  1.38861139e-02  1.38861139e-02  1.38861139e-02  1.50737322e+02 
 1.40859141e-02 -1.00966559e-03  1.40859141e-02  1.40859141e-02  1.40859141e-02  1.53267219e+02 
 1.42857143e-02 -1.01095846e-03  1.42857143e-02  1.42857143e-02  1.42857143e-02  1.55785072e+02 
 1.44855145e-02 -1.01223066e-03  1.44855145e-02  1.44855145e-02  1.44855145e-02  1.58291163e+02 
 1.46853147e-02 -1.01348293e-03  1.46853147e-02  1.46853147e-02  1.46853147e-02  1.60785767e+02 
 1.48851149e-02 -1.01471596e-03  1.48851149e-02  1.48851149e-02  1.48851149e-02  1.63269156e+02 
 1.50849151e-02 -1.01593042e-03  1.50849151e-02  1.50849151e-02  1.50849151e-02  1.65741593e+02 
 1.52847153e-02 -1.01712694e-03  1.52847153e-02  1.52847153e-02  1.52847153e-02  1.68203337e+02 
 1.54845155e-02 -1.01830612e-03  1.54845155e-02  1.54845155e-02  1.54845155e-02  1.70654640e+02 
 1.56843157e-02 -1.01946852e-03  1.56843157e-02  1.56843157e-02  1.56843157e-02  1.73095751e+02 
 1.58841159e-02 -1.02061467e-03  1.58841159e-02  1.58841159e-02  1.58841159e-02  1.75526910e+02 
 1.60839161e-02 -1.02174509e-03  1.60839161e-02  1.60839161e-02  1.60839161e-02  1.77948354e+02 
 1.62837163e-02 -1.02286027e-03  1.62837163e-02  1.62837163e-02  1.62837163e-02  1.80360312e+02 
 1.64835165e-02 -1.02396066e-03  1.64835165e-02  1.64835165e-02  1.64835165e-02  1.82763009e+02 
 1.66833167e-02 -1.02504671e-03  1.66833167e-02  1.66833167e-02  1.66833167e-02  1.85156667e+02 
 1.68831169e-02 -1.02611884e-03  1.68831169e-02  1.68831169e-02  1.68831169e-02  1.87541523e+02 
 1.70829171e-02 -1.02717744e-03  1.70829171e-02  1.70829171e-02  1.70829171e-02  1.89917817e+02 
 1.72827173e-02 -1.02822291e-03  1.72827173e-02  1.72827173e-02  1.72827173e-02  1.92285727e+02 
 1.74825175e-02 -1.02925560e-03  1.74825175e-02  1.74825175e-02  1.74825175e-02  1.94645425e+02 
 1.76823177e-02 -1.03027587e-03  1.76823177e-02  1.76823177e-02  1.76823177e-02  1.96997104e+02 
 1.78821179e-02 -1.03128406e-03  1.78821179e-02  1.78821179e-02  1.78821179e-02  1.99340956e+02 
 1.80819181e-02 -1.03228048e-03  1.80819181e-02  1.80819181e-02  1.80819181e-02  2.01677167e+02 
 1.82817183e-02 -1.03326544e-03  1.82817183e-02  1.82817183e-02  1.82817183e-02  2.04005916e+02 
 1.84815185e-02 -1.03423925e-03  1.84815185e-02  1.84815185e-02  1.84815185e-02  2.06327381e+02 
 1.86813187e-02 -1.03520217e-03  1.86813187e-02  1.86813187e-02  1.86813187e-02  2.08641734e+02 
 1.88811189e-02 -1.03615450e-03  1.88811189e-02  1.88811189e-02  1.88811189e-02  2.10949144e+02 
 1.90809191e-02 -1.03709647e-03  1.90809191e-02  1.90809191e-02  1.90809191e-02  2.13249776e+02 
 1.92807193e-02 -1.03802836e-03  1.92807193e-02  1.92807193e-02  1.92807193e-02  2.15543789e+02 
 1.94805195e-02 -1.03895039e-03  1.94805195e-02  1.94805195e-02  1.94805195e-02  2.17831341e+02 
 1.96803197e-02 -1.03986280e-03  1.96803197e-02  1.96803197e-02  1.96803197e-02  2.20112586e+02 
 1.98801199e-02 -1.04076583e-03  1.98801199e-02  1.98801199e-02  1.98801199e-02  2.22387672e+02 
 2.00799201e-02 -1.04165967e-03  2.00799201e-02  2.00799201e-02  2.00799201e-02  2.24656746e+02 
 2.02797203e-02 -1.04254454e-03  2.02797203e-02  2.02797203e-02  2.02797203e-02  2.26919951e+02 
 2.04795205e-02 -1.04342064e-03  2.04795205e-02  2.04795205e-02  2.04795205e-02  2.29177427e+02 
 2.06793207e-02 -1.04428817e-03  2.06793207e-02  2.06793207e-02  2.06793207e-02  2.31429309e+02 
 2.08791209e-02 -1.04514731e-03  2.08791209e-02  2.08791209e-02  2.08791209e-02  2.33675732e+02 
 2.10789211e-02 -1.04599823e-03  2.10789211e-02  2.10789211e-02  2.10789211e-02  2.35916826e+02 
 2.12787213e-02 -1.04684113e-03  2.12787213e-02  2.12787213e-02  2.12787213e-02  2.38152722e+02 
 2.14785215e-02 -1.04767615e-03  2.14785215e-02  2.14785215e-02  2.14785215e-02  2.40383681e+02 
 2.16783217e-02 -1.04850347e-03  2.16783217e-02  2.16783217e-02  2.16783217e-02  2.42609903e+02 
 2.18781219e-02 -1.04932324e-03  2.18781219e-02  2.18781219e-02  2.18781219e-02  2.44831367e+02 
 2.20779221e-02 -1.05013562e-03  2.20779221e-02  2.20779221e-02  2.20779221e-02  2.47048112e+02 
 2.22777223e-02 -1.05094074e-03  2.22777223e-02  2.22777223e-02  2.22777223e-02  2.49260253e+02 
 2.24775225e-02 -1.05173876e-03  2.24775225e-02  2.24775225e-02  2.24775225e-02  2.51467902e+02 
 2.26773227e-02 -1.05252981e-03  2.26773227e-02  2.26773227e-02  2.26773227e-02  2.53671167e+02 
 2.28771229e-02 -1.05331403e-03  2.28771229e-02  2.28771229e-02  2.28771229e-02  2.55870156e+02 
 2.30769231e-02 -1.05409154e-03  2.30769231e-02  2.30769231e-02  2.30769231e-02  2.58064974e+02 
 2.32767233e-02 -1.05486248e-03  2.32767233e-02  2.32767233e-02  2.32767233e-02  2.60255722e+02 
 2.34765235e-02 -1.05562696e-03  2.34765235e-02  2.34765235e-02  2.34765235e-02  2.62442501e+02 
 2.36763237e-02 -1.05638510e-03  2.36763237e-02  2.36763237e-02  2.36763237e-02  2.64625409e+02 
 2.38761239e-02 -1.05713702e-03  2.38761239e-02  2.38761239e-02  2.38761239e-02  2.66804543e+02 
 2.40759241e-02 -1.05788283e-03  2.40759241e-02  2.40759241e-02  2.40759241e-02  2.68979998e+02 
 2.42757243e-02 -1.05862263e-03  2.42757243e-02  2.42757243e-02  2.42757243e-02  2.71151864e+02 
 2.44755245e-02 -1.05935654e-03  2.44755245e-02  2.44755245e-02  2.44755245e-02  2.73320233e+02 
 2.46753247e-02 -1.06008465e-03  2.46753247e-02  2.46753247e-02  2.46753247e-02  2.75485195e+02 
 2.48751249e-02 -1.06080707e-03  2.48751249e-02  2.48751249e-02  2.48751249e-02  2.77646834e+02 
 2.50749251e-02 -1.06152389e-03  2.50749251e-02  2.50749251e-02  2.50749251e-02  2.79805238e+02 
 2.52747253e-02 -1.06223521e-03  2.52747253e-02  2.52747253e-02  2.52747253e-02  2.81960488e+02 
 2.54745255e-02 -1.06294112e-03  2.54745255e-02  2.54745255e-02  2.54745255e-02  2.84112668e+02 
 2.56743257e-02 -1.06364170e-03  2.56743257e-02  2.56743257e-02  2.56743257e-02  2.86261858e+02 
 2.58741259e-02 -1.06433704e-03  2.58741259e-02  2.58741259e-02  2.58741259e-02  2.88408137e+02 
 2.60739261e-02 -1.06502724e-03  2.60739261e-02  2.60739261e-02  2.60739261e-02  2.90551583e+02 
 2.62737263e-02 -1.06571236e-03  2.62737263e-02  2.62737263e-02  2.62737263e-02  2.92692270e+02 
 2.64735265e-02 -1.06639249e-03  2.64735265e-02  2.64735265e-02  2.64735265e-02  2.94830275e+02 
 2.66733267e-02 -1.06706772e-03  2.66733267e-02  2.66733267e-02  2.66733267e-02  2.96965670e+02 
 2.68731269e-02 -1.06773810e-03  2.68731269e-02  2.68731269e-02  2.68731269e-02  2.99098527e+02 
 2.70729271e-02 -1.06840373e-03  2.70729271e-02  2.70729271e-02  2.70729271e-02  3.01228914e+02 
 2.72727273e-02 -1.06906467e-03  2.72727273e-02  2.72727273e-02  2.72727273e-02  3.03356905e+02 
 2.74725275e-02 -1.06972099e-03  2.74725275e-02  2.74725275e-02  2.74725275e-02  3.05482566e+02 
 2.76723277e-02 -1.07037277e-03  2.76723277e-02  2.76723277e-02  2.76723277e-02  3.07605961e+02 
 2.78721279e-02 -1.07102006e-03  2.78721279e-02  2.78721279e-02  2.78721279e-02  3.09727161e+02 
 2.80719281e-02 -1.07166294e-03  2.80719281e-02  2.80719281e-02  2.80719281e-02  3.11846226e+02 
 2.82717283e-02 -1.07230146e-03  2.82717283e-02  2.82717283e-02  2.82717283e-02  3.13963222e+02 
 2.84715285e-02 -1.07293570e-03  2.84715285e-02  2.84715285e-02  2.84715285e-02  3.16078210e+02 
 2.86713287e-02 -1.07356571e-03  2.86713287e-02  2.86713287e-02  2.86713287e-02  3.18191253e+02 
 2.88711289e-02 -1.07419155e-03  2.88711289e-02  2.88711289e-02  2.88711289e-02  3.20302409e+02 
 2.90709291e-02 -1.07481328e-03  2.90709291e-02  2.90709291e-02  2.90709291e-02  3.22411738e+02 
 2.92707293e-02 -1.07543096e-03  2.92707293e-02  2.92707293e-02  2.92707293e-02  3.24519301e+02 
 2.94705295e-02 -1.07604464e-03  2.94705295e-02  2.94705295e-02  2.94705295e-02  3.26625150e+02 
 2.96703297e-02 -1.07665438e-03  2.96703297e-02  2.96703297e-02  2.96703297e-02  3.28729344e+02 
 2.98701299e-02 -1.07726023e-03  2.98701299e-02  2.98701299e-02  2.98701299e-02  3.30831940e+02 
 3.00699301e-02 -1.07786225e-03  3.00699301e-02  3.00699301e-02  3.00699301e-02  3.32932991e+02 
 3.02697303e-02 -1.07846047e-03  3.02697303e-02  3.02697303e-02  3.02697303e-02  3.35032551e+02 
 3.04695305e-02 -1.07905497e-03  3.04695305e-02  3.04695305e-02  3.04695305e-02  3.37130672e+02 
 3.06693307e-02 -1.07964577e-03  3.06693307e-02  3.06693307e-02  3.06693307e-02  3.39227407e+02 
 3.08691309e-02 -1.08023294e-03  3.08691309e-02  3.08691309e-02  3.08691309e-02  3.41322808e+02 
 3.10689311e-02 -1.08081651e-03  3.10689311e-02  3.10689311e-02  3.10689311e-02  3.43416924e+02 
 3.12687313e-02 -1.08139654e-03  3.12687313e-02  3.12687313e-02  3.12687313e-02  3.45509803e+02 
 3.14685315e-02 -1.08197307e-03  3.14685315e-02  3.14685315e-02  3.14685315e-02  3.47601500e+02 
 3.16683317e-02 -1.08254613e-03  3.16683317e-02  3.16683317e-02  3.16683317e-02  3.49692058e+02 
 3.18681319e-02 -1.08311579e-03  3.18681319e-02  3.18681319e-02  3.18681319e-02  3.51781524e+02 
 3.20679321e-02 -1.08368207e-03  3.20679321e-02  3.20679321e-02  3.20679321e-02  3.53869948e+02 
 3.22677323e-02 -1.08424502e-03  3.22677323e-02  3.22677323e-02  3.22677323e-02  3.55957373e+02 
 3.24675325e-02 -1.08480467e-03  3.24675325e-02  3.24675325e-02  3.24675325e-02  3.58043848e+02 
 3.26673327e-02 -1.08536108e-03  3.26673327e-02  3.26673327e-02  3.26673327e-02  3.60129417e+02 
 3.28671329e-02 -1.08591428e-03  3.28671329e-02  3.28671329e-02  3.28671329e-02  3.62214121e+02 
 3.30669331e-02 -1.08646430e-03  3.30669331e-02  3.30669331e-02  3.30669331e-02  3.64298006e+02 
 3.32667333e-02 -1.08701118e-03  3.32667333e-02  3.32667333e-02  3.32667333e-02  3.66381114e+02 
 3.34665335e-02 -1.08755497e-03  3.34665335e-02  3.34665335e-02  3.34665335e-02  3.68463487e+02 
 3.36663337e-02 -1.08809569e-03  3.36663337e-02  3.36663337e-02  3.36663337e-02  3.70545171e+02 
 3.38661339e-02 -1.08863338e-03  3.38661339e-02  3.38661339e-02  3.38661339e-02  3.72626204e+02 
 3.40659341e-02 -1.08916808e-03  3.40659341e-02  3.40659341e-02  3.40659341e-02  3.74706624e+02 
 3.42657343e-02 -1.08969981e-03  3.42657343e-02  3.42657343e-02  3.42657343e-02  3.76786475e+02 
 3.44655345e-02 -1.09022862e-03  3.44655345e-02  3.44655345e-02  3.44655345e-02  3.78865796e+02 
 3.46653347e-02 -1.09075454e-03  3.46653347e-02  3.46653347e-02  3.46653347e-02  3.80944624e+02 
 3.48651349e-02 -1.09127760e-03  3.48651349e-02  3.48651349e-02  3.48651349e-02  3.83023000e+02 
 3.50649351e-02 -1.09179782e-03  3.50649351e-02  3.50649351e-02  3.50649351e-02  3.85100961e+02 
 3.52647353e-02 -1.09231525e-03  3.52647353e-02  3.52647353e-02  3.52647353e-02  3.87178543e+02 
 3.54645355e-02 -1.09282991e-03  3.54645355e-02  3.54645355e-02  3.54645355e-02  3.89255790e+02 
 3.56643357e-02 -1.09334182e-03  3.56643357e-02  3.56643357e-02  3.56643357e-02  3.91332731e+02 
 3.58641359e-02 -1.09385103e-03  3.58641359e-02  3.58641359e-02  3.58641359e-02  3.93409402e+02 
 3.60639361e-02 -1.09435756e-03  3.60639361e-02  3.60639361e-02  3.60639361e-02  3.95485782e+02 
 3.62637363e-02 -1.09486144e-03  3.62637363e-02  3.62637363e-02  3.62637363e-02  3.97561790e+02 
 3.64635365e-02 -1.09536269e-03  3.64635365e-02  3.64635365e-02  3.64635365e-02  3.99637520e+02 
 3.66633367e-02 -1.09586134e-03  3.66633367e-02  3.66633367e-02  3.66633367e-02  4.01713119e+02 
 3.68631369e-02 -1.09635743e-03  3.68631369e-02  3.68631369e-02  3.68631369e-02  4.03788619e+02 
 3.70629371e-02 -1.09685097e-03  3.70629371e-02  3.70629371e-02  3.70629371e-02  4.05864059e+02 
 3.72627373e-02 -1.09734200e-03  3.72627373e-02  3.72627373e-02  3.72627373e-02  4.07939472e+02 
 3.74625375e-02 -1.09783053e-03  3.74625375e-02  3.74625375e-02  3.74625375e-02  4.10014891e+02 
 3.76623377e-02 -1.09831660e-03  3.76623377e-02  3.76623377e-02  3.76623377e-02  4.12090347e+02 
 3.78621379e-02 -1.09880022e-03  3.78621379e-02  3.78621379e-02  3.78621379e-02  4.14165869e+02 
 3.80619381e-02 -1.09928143e-03  3.80619381e-02  3.80619381e-02  3.80619381e-02  4.16241496e+02 
 3.82617383e-02 -1.09976024e-03  3.82617383e-02  3.82617383e-02  3.82617383e-02  4.18317258e+02 
 3.84615385e-02 -1.10023668e-03  3.84615385e-02  3.84615385e-02  3.84615385e-02  4.20393182e+02 
 3.86613387e-02 -1.10071078e-03  3.86613387e-02  3.86613387e-02  3.86613387e-02  4.22469302e+02 
 3.88611389e-02 -1.10118255e-03  3.88611389e-02  3.88611389e-02  3.88611389e-02  4.24545646e+02 
 3.90609391e-02 -1.10165202e-03  3.90609391e-02  3.90609391e-02  3.90609391e-02  4.26622250e+02 
 3.92607393e-02 -1.10211921e-03  3.92607393e-02  3.92607393e-02  3.92607393e-02  4.28699139e+02 
 3.94605395e-02 -1.10258415e-03  3.94605395e-02  3.94605395e-02  3.94605395e-02  4.30776340e+02 
 3.96603397e-02 -1.10304684e-03  3.96603397e-02  3.96603397e-02  3.96603397e-02  4.32853889e+02 
 3.98601399e-02 -1.10350732e-03  3.98601399e-02  3.98601399e-02  3.98601399e-02  4.34931813e+02 
 4.00599401e-02 -1.10396561e-03  4.00599401e-02  4.00599401e-02  4.00599401e-02  4.37010138e+02 
 4.02597403e-02 -1.10442172e-03  4.02597403e-02  4.02597403e-02  4.02597403e-02  4.39088892e+02 
 4.04595405e-02 -1.10487567e-03  4.04595405e-02  4.04595405e-02  4.04595405e-02  4.41168108e+02 
 4.06593407e-02 -1.10532750e-03  4.06593407e-02  4.06593407e-02  4.06593407e-02  4.43247813e+02 
 4.08591409e-02 -1.10577720e-03  4.08591409e-02  4.08591409e-02  4.08591409e-02  4.45328032e+02 
 4.10589411e-02 -1.10622481e-03  4.10589411e-02  4.10589411e-02  4.10589411e-02  4.47408791e+02 
 4.12587413e-02 -1.10667035e-03  4.12587413e-02  4.12587413e-02  4.12587413e-02  4.49490119e+02 
 4.14585415e-02 -1.10711382e-03  4.14585415e-02  4.14585415e-02  4.14585415e-02  4.51572044e+02 
 4.16583417e-02 -1.10755526e-03  4.16583417e-02  4.16583417e-02  4.16583417e-02  4.53654594e+02 
 4.18581419e-02 -1.10799467e-03  4.18581419e-02  4.18581419e-02  4.18581419e-02  4.55737793e+02 
 4.20579421e-02 -1.10843208e-03  4.20579421e-02  4.20579421e-02  4.20579421e-02  4.57821668e+02 
 4.22577423e-02 -1.10886750e-03  4.22577423e-02  4.22577423e-02  4.22577423e-02  4.59906243e+02 
 4.24575425e-02 -1.10930095e-03  4.24575425e-02  4.24575425e-02  4.24575425e-02  4.61991544e+02 
 4.26573427e-02 -1.10973245e-03  4.26573427e-02  4.26573427e-02  4.26573427e-02  4.64077599e+02 
 4.28571429e-02 -1.11016201e-03  4.28571429e-02  4.28571429e-02  4.28571429e-02  4.66164434e+02 
 4.30569431e-02 -1.11058966e-03  4.30569431e-02  4.30569431e-02  4.30569431e-02  4.68252070e+02 
 4.32567433e-02 -1.11101540e-03  4.32567433e-02  4.32567433e-02  4.32567433e-02  4.70340534e+02 
 4.34565435e-02 -1.11143926e-03  4.34565435e-02  4.34565435e-02  4.34565435e-02  4.72429854e+02 
 4.36563437e-02 -1.11186124e-03  4.36563437e-02  4.36563437e-02  4.36563437e-02  4.74520048e+02 
 4.38561439e-02 -1.11228137e-03  4.38561439e-02  4.38561439e-02  4.38561439e-02  4.76611142e+02 
 4.40559441e-02 -1.11269966e-03  4.40559441e-02  4.40559441e-02  4.40559441e-02  4.78703163e+02 
 4.42557443e-02 -1.11311613e-03  4.42557443e-02  4.42557443e-02  4.42557443e-02  4.80796134e+02 
 4.44555445e-02 -1.11353079e-03  4.44555445e-02  4.44555445e-02  4.44555445e-02  4.82890080e+02 
 4.46553447e-02 -1.11394365e-03  4.46553447e-02  4.46553447e-02  4.46553447e-02  4.84985020e+02 
 4.48551449e-02 -1.11435473e-03  4.48551449e-02  4.48551449e-02  4.48551449e-02  4.87080981e+02 
 4.50549451e-02 -1.11476405e-03  4.50549451e-02  4.50549451e-02  4.50549451e-02  4.89177986e+02 
 4.52547453e-02 -1.11517161e-03  4.52547453e-02  4.52547453e-02  4.52547453e-02  4.91276058e+02 
 4.54545455e-02 -1.11557744e-03  4.54545455e-02  4.54545455e-02  4.54545455e-02  4.93375213e+02 
 4.56543457e-02 -1.11598154e-03  4.56543457e-02  4.56543457e-02  4.56543457e-02  4.95475484e+02 
 4.58541459e-02 -1.11638394e-03  4.58541459e-02  4.58541459e-02  4.58541459e-02  4.97576894e+02 
 4.60539461e-02 -1.11678464e-03  4.60539461e-02  4.60539461e-02  4.60539461e-02  4.99679458e+02 
 4.62537463e-02 -1.11718365e-03  4.62537463e-02  4.62537463e-02  4.62537463e-02  5.01783198e+02 
 4.64535465e-02 -1.11758100e-03  4.64535465e-02  4.64535465e-02  4.64535465e-02  5.03888140e+02 
 4.66533467e-02 -1.11797668e-03  4.66533467e-02  4.66533467e-02  4.66533467e-02  5.05994309e+02 
 4.68531469e-02 -1.11837073e-03  4.68531469e-02  4.68531469e-02  4.68531469e-02  5.08101718e+02 
 4.70529471e-02 -1.11876314e-03  4.70529471e-02  4.70529471e-02  4.70529471e-02  5.10210394e+02 
 4.72527473e-02 -1.11915394e-03  4.72527473e-02  4.72527473e-02  4.72527473e-02  5.12320362e+02 
 4.74525475e-02 -1.11954312e-03  4.74525475e-02  4.74525475e-02  4.74525475e-02  5.14431638e+02 
 4.76523477e-02 -1.11993072e-03  4.76523477e-02  4.76523477e-02  4.76523477e-02  5.16544243e+02 
 4.78521479e-02 -1.12031673e-03  4.78521479e-02  4.78521479e-02  4.78521479e-02  5.18658200e+02 
 4.80519481e-02 -1.12070117e-03  4.80519481e-02  4.80519481e-02  4.80519481e-02  5.20773530e+02 
 4.82517483e-02 -1.12108405e-03  4.82517483e-02  4.82517483e-02  4.82517483e-02  5.22890255e+02 
 4.84515485e-02 -1.12146538e-03  4.84515485e-02  4.84515485e-02  4.84515485e-02  5.25008393e+02 
 4.86513487e-02 -1.12184518e-03  4.86513487e-02  4.86513487e-02  4.86513487e-02  5.27127966e+02 
 4.88511489e-02 -1.12222345e-03  4.88511489e-02  4.88511489e-02  4.88511489e-02  5.29248997e+02 
 4.90509491e-02 -1.12260021e-03  4.90509491e-02  4.90509491e-02  4.90509491e-02  5.31371504e+02 
 4.92507493e-02 -1.12297547e-03  4.92507493e-02  4.92507493e-02  4.92507493e-02  5.33495504e+02 
 4.94505495e-02 -1.12334923e-03  4.94505495e-02  4.94505495e-02  4.94505495e-02  5.35621016e+02 
 4.96503497e-02 -1.12372152e-03  4.96503497e-02  4.96503497e-02  4.96503497e-02  5.37748075e+02 
 4.98501499e-02 -1.12409233e-03  4.98501499e-02  4.98501499e-02  4.98501499e-02  5.39876683e+02 
 5.00499500e-02 -1.12446169e-03  5.00499500e-02  5.00499500e-02  5.00499500e-02  5.42006868e+02 
 5.02497502e-02 -1.12482960e-03  5.02497502e-02  5.02497502e-02  5.02497502e-02  5.44138654e+02 
 5.04495504e-02 -1.12519606e-03  5.04495504e-02  5.04495504e-02  5.04495504e-02  5.46272048e+02 
 5.06493506e-02 -1.12556110e-03  5.06493506e-02  5.06493506e-02  5.06493506e-02  5.48407082e+02 
 5.08491508e-02 -1.12592472e-03  5.08491508e-02  5.08491508e-02  5.08491508e-02  5.50543770e+02 
 5.10489510e-02 -1.12628693e-03  5.10489510e-02  5.10489510e-02  5.10489510e-02  5.52682131e+02 
 5.12487512e-02 -1.12664774e-03  5.12487512e-02  5.12487512e-02  5.12487512e-02  5.54822189e+02 
 5.14485514e-02 -1.12700716e-03  5.14485514e-02  5.14485514e-02  5.14485514e-02  5.56963950e+02 
 5.16483516e-02 -1.12736520e-03  5.16483516e-02  5.16483516e-02  5.16483516e-02  5.59107450e+02 
 5.18481518e-02 -1.12772187e-03  5.18481518e-02  5.18481518e-02  5.18481518e-02  5.61252701e+02 
 5.20479520e-02 -1.12807718e-03  5.20479520e-02  5.20479520e-02  5.20479520e-02  5.63399715e+02 
 5.22477522e-02 -1.12843114e-03  5.22477522e-02  5.22477522e-02  5.22477522e-02  5.65548522e+02 
 5.24475524e-02 -1.12878375e-03  5.24475524e-02  5.24475524e-02  5.24475524e-02  5.67699135e+02 
 5.26473526e-02 -1.12913503e-03  5.26473526e-02  5.26473526e-02  5.26473526e-02  5.69851574e+02 
 5.28471528e-02 -1.12948499e-03  5.28471528e-02  5.28471528e-02  5.28471528e-02  5.72005856e+02 
 5.30469530e-02 -1.12983363e-03  5.30469530e-02  5.30469530e-02  5.30469530e-02  5.74162003e+02 
 5.32467532e-02 -1.13018096e-03  5.32467532e-02  5.32467532e-02  5.32467532e-02  5.76320025e+02 
 5.34465534e-02 -1.13052699e-03  5.34465534e-02  5.34465534e-02  5.34465534e-02  5.78479949e+02 
 5.36463536e-02 -1.13087174e-03  5.36463536e-02  5.36463536e-02  5.36463536e-02  5.80641792e+02 
 5.38461538e-02 -1.13121520e-03  5.38461538e-02  5.38461538e-02  5.38461538e-02  5.82805571e+02 
 5.40459540e-02 -1.13155739e-03  5.40459540e-02  5.40459540e-02  5.40459540e-02  5.84971307e+02 
 5.42457542e-02 -1.13189831e-03  5.42457542e-02  5.42457542e-02  5.42457542e-02  5.87139006e+02 
 5.44455544e-02 -1.13223797e-03  5.44455544e-02  5.44455544e-02  5.44455544e-02  5.89308697e+02 
 5.46453546e-02 -1.13257639e-03  5.46453546e-02  5.46453546e-02  5.46453546e-02  5.91480404e+02 
 5.48451548e-02 -1.13291357e-03  5.48451548e-02  5.48451548e-02  5.48451548e-02  5.93654132e+02 
 5.50449550e-02 -1.13324951e-03  5.50449550e-02  5.50449550e-02  5.50449550e-02  5.95829897e+02 
 5.52447552e-02 -1.13358423e-03  5.52447552e-02  5.52447552e-02  5.52447552e-02  5.98007732e+02 
 5.54445554e-02 -1.13391773e-03  5.54445554e-02  5.54445554e-02  5.54445554e-02  6.00187645e+02 
 5.56443556e-02 -1.13425002e-03  5.56443556e-02  5.56443556e-02  5.56443556e-02  6.02369652e+02 
 5.58441558e-02 -1.13458111e-03  5.58441558e-02  5.58441558e-02  5.58441558e-02  6.04553775e+02 
 5.60439560e-02 -1.13491101e-03  5.60439560e-02  5.60439560e-02  5.60439560e-02  6.06740023e+02 
 5.62437562e-02 -1.13523971e-03  5.62437562e-02  5.62437562e-02  5.62437562e-02  6.08928424e+02 
 5.64435564e-02 -1.13556724e-03  5.64435564e-02  5.64435564e-02  5.64435564e-02  6.11118995e+02 
 5.66433566e-02 -1.13589360e-03  5.66433566e-02  5.66433566e-02  5.66433566e-02  6.13311749e+02 
 5.68431568e-02 -1.13621879e-03  5.68431568e-02  5.68431568e-02  5.68431568e-02  6.15506702e+02 
 5.70429570e-02 -1.13654282e-03  5.70429570e-02  5.70429570e-02  5.70429570e-02  6.17703875e+02 
 5.72427572e-02 -1.13686570e-03  5.72427572e-02  5.72427572e-02  5.72427572e-02  6.19903281e+02 
 5.74425574e-02 -1.13718744e-03  5.74425574e-02  5.74425574e-02  5.74425574e-02  6.22104937e+02 
 5.76423576e-02 -1.13750804e-03  5.76423576e-02  5.76423576e-02  5.76423576e-02  6.24308875e+02 
 5.78421578e-02 -1.13782750e-03  5.78421578e-02  5.78421578e-02  5.78421578e-02  6.26515087e+02 
 5.80419580e-02 -1.13814585e-03  5.80419580e-02  5.80419580e-02  5.80419580e-02  6.28723597e+02 
 5.82417582e-02 -1.13846308e-03  5.82417582e-02  5.82417582e-02  5.82417582e-02  6.30934441e+02 
 5.84415584e-02 -1.13877920e-03  5.84415584e-02  5.84415584e-02  5.84415584e-02  6.33147621e+02 
 5.86413586e-02 -1.13909421e-03  5.86413586e-02  5.86413586e-02  5.86413586e-02  6.35363159e+02 
 5.88411588e-02 -1.13940813e-03  5.88411588e-02  5.88411588e-02  5.88411588e-02  6.37581059e+02 
 5.90409590e-02 -1.13972096e-03  5.90409590e-02  5.90409590e-02  5.90409590e-02  6.39801345e+02 
 5.92407592e-02 -1.14003270e-03  5.92407592e-02  5.92407592e-02  5.92407592e-02  6.42024041e+02 
 5.94405594e-02 -1.14034336e-03  5.94405594e-02  5.94405594e-02  5.94405594e-02  6.44249157e+02 
 5.96403596e-02 -1.14065296e-03  5.96403596e-02  5.96403596e-02  5.96403596e-02  6.46476717e+02 
 5.98401598e-02 -1.14096148e-03  5.98401598e-02  5.98401598e-02  5.98401598e-02  6.48706723e+02 
 6.00399600e-02 -1.14126895e-03  6.00399600e-02  6.00399600e-02  6.00399600e-02  6.50939205e+02 
 6.02397602e-02 -1.14157537e-03  6.02397602e-02  6.02397602e-02  6.02397602e-02  6.53174177e+02 
 6.04395604e-02 -1.14188073e-03  6.04395604e-02  6.04395604e-02  6.04395604e-02  6.55411651e+02 
 6.06393606e-02 -1.14218506e-03  6.06393606e-02  6.06393606e-02  6.06393606e-02  6.57651646e+02 
 6.08391608e-02 -1.14248835e-03  6.08391608e-02  6.08391608e-02  6.08391608e-02  6.59894166e+02 
 6.10389610e-02 -1.14279061e-03  6.10389610e-02  6.10389610e-02  6.10389610e-02  6.62139253e+02 
 6.12387612e-02 -1.14309185e-03  6.12387612e-02  6.12387612e-02  6.12387612e-02  6.64386917e+02 
 6.14385614e-02 -1.14339207e-03  6.14385614e-02  6.14385614e-02  6.14385614e-02  6.66637151e+02 
 6.16383616e-02 -1.14369128e-03  6.16383616e-02  6.16383616e-02  6.16383616e-02  6.68889995e+02 
 6.18381618e-02 -1.14398948e-03  6.18381618e-02  6.18381618e-02  6.18381618e-02  6.71145458e+02 
 6.20379620e-02 -1.14428668e-03  6.20379620e-02  6.20379620e-02  6.20379620e-02  6.73403554e+02 
 6.22377622e-02 -1.14458288e-03  6.22377622e-02  6.22377622e-02  6.22377622e-02  6.75664308e+02 
 6.24375624e-02 -1.14487810e-03  6.24375624e-02  6.24375624e-02  6.24375624e-02  6.77927720e+02 
 6.26373626e-02 -1.14517233e-03  6.26373626e-02  6.26373626e-02  6.26373626e-02  6.80193821e+02 
 6.28371628e-02 -1.14546558e-03  6.28371628e-02  6.28371628e-02  6.28371628e-02  6.82462624e+02 
 6.30369630e-02 -1.14575785e-03  6.30369630e-02  6.30369630e-02  6.30369630e-02  6.84734133e+02 
 6.32367632e-02 -1.14604916e-03  6.32367632e-02  6.32367632e-02  6.32367632e-02  6.87008390e+02 
 6.34365634e-02 -1.14633951e-03  6.34365634e-02  6.34365634e-02  6.34365634e-02  6.89285390e+02 
 6.36363636e-02 -1.14662889e-03  6.36363636e-02  6.36363636e-02  6.36363636e-02  6.91565143e+02 
 6.38361638e-02 -1.14691733e-03  6.38361638e-02  6.38361638e-02  6.38361638e-02  6.93847686e+02 
 6.40359640e-02 -1.14720481e-03  6.40359640e-02  6.40359640e-02  6.40359640e-02  6.96133028e+02 
 6.42357642e-02 -1.14749136e-03  6.42357642e-02  6.42357642e-02  6.42357642e-02  6.98421176e+02 
 6.44355644e-02 -1.14777696e-03  6.44355644e-02  6.44355644e-02  6.44355644e-02  7.00712148e+02 
 6.46353646e-02 -1.14806163e-03  6.46353646e-02  6.46353646e-02  6.46353646e-02  7.03005974e+02 
 6.48351648e-02 -1.14834538e-03  6.48351648e-02  6.48351648e-02  6.48351648e-02  7.05302661e+02 
 6.50349650e-02 -1.14862820e-03  6.50349650e-02  6.50349650e-02  6.50349650e-02  7.07602219e+02 
 6.52347652e-02 -1.14891010e-03  6.52347652e-02  6.52347652e-02  6.52347652e-02  7.09904673e+02 
 6.54345654e-02 -1.14919109e-03  6.54345654e-02  6.54345654e-02  6.54345654e-02  7.12210030e+02 
 6.56343656e-02 -1.14947117e-03  6.56343656e-02  6.56343656e-02  6.56343656e-02  7.14518311e+02 
 6.58341658e-02 -1.14975035e-03  6.58341658e-02  6.58341658e-02  6.58341658e-02  7.16829529e+02 
 6.60339660e-02 -1.15002863e-03  6.60339660e-02  6.60339660e-02  6.60339660e-02  7.19143708e+02 
 6.62337662e-02 -1.15030601e-03  6.62337662e-02  6.62337662e-02  6.62337662e-02  7.21460858e+02 
 6.64335664e-02 -1.15058250e-03  6.64335664e-02  6.64335664e-02  6.64335664e-02  7.23780991e+02 
 6.66333666e-02 -1.15085811e-03  6.66333666e-02  6.66333666e-02  6.66333666e-02  7.26104129e+02 
 6.68331668e-02 -1.15113284e-03  6.68331668e-02  6.68331668e-02  6.68331668e-02  7.28430287e+02 
 6.70329670e-02 -1.15140669e-03  6.70329670e-02  6.70329670e-02  6.70329670e-02  7.30759483e+02 
 6.72327672e-02 -1.15167967e-03  6.72327672e-02  6.72327672e-02  6.72327672e-02  7.33091720e+02 
 6.74325674e-02 -1.15195178e-03  6.74325674e-02  6.74325674e-02  6.74325674e-02  7.35427027e+02 
 6.76323676e-02 -1.15222303e-03  6.76323676e-02  6.76323676e-02  6.76323676e-02  7.37765414e+02 
 6.78321678e-02 -1.15249342e-03  6.78321678e-02  6.78321678e-02  6.78321678e-02  7.40106892e+02 
 6.80319680e-02 -1.15276295e-03  6.80319680e-02  6.80319680e-02  6.80319680e-02  7.42451494e+02 
 6.82317682e-02 -1.15303163e-03  6.82317682e-02  6.82317682e-02  6.82317682e-02  7.44799222e+02 
 6.84315684e-02 -1.15329947e-03  6.84315684e-02  6.84315684e-02  6.84315684e-02  7.47150087e+02 
 6.86313686e-02 -1.15356647e-03  6.86313686e-02  6.86313686e-02  6.86313686e-02  7.49504125e+02 
 6.88311688e-02 -1.15383262e-03  6.88311688e-02  6.88311688e-02  6.88311688e-02  7.51861327e+02 
 6.90309690e-02 -1.15409795e-03  6.90309690e-02  6.90309690e-02  6.90309690e-02  7.54221717e+02 
 6.92307692e-02 -1.15436244e-03  6.92307692e-02  6.92307692e-02  6.92307692e-02  7.56585335e+02 
 6.94305694e-02 -1.15462611e-03  6.94305694e-02  6.94305694e-02  6.94305694e-02  7.58952158e+02 
 6.96303696e-02 -1.15488896e-03  6.96303696e-02  6.96303696e-02  6.96303696e-02  7.61322214e+02 
 6.98301698e-02 -1.15515099e-03  6.98301698e-02  6.98301698e-02  6.98301698e-02  7.63695535e+02 
 7.00299700e-02 -1.15541220e-03  7.00299700e-02  7.00299700e-02  7.00299700e-02  7.66072120e+02 
 7.02297702e-02 -1.15567261e-03  7.02297702e-02  7.02297702e-02  7.02297702e-02  7.68451992e+02 
 7.04295704e-02 -1.15593221e-03  7.04295704e-02  7.04295704e-02  7.04295704e-02  7.70835162e+02 
 7.06293706e-02 -1.15619101e-03  7.06293706e-02  7.06293706e-02  7.06293706e-02  7.73221644e+02 
 7.08291708e-02 -1.15644901e-03  7.08291708e-02  7.08291708e-02  7.08291708e-02  7.75611472e+02 
 7.10289710e-02 -1.15670622e-03  7.10289710e-02  7.10289710e-02  7.10289710e-02  7.78004634e+02 
 7.12287712e-02 -1.15696263e-03  7.12287712e-02  7.12287712e-02  7.12287712e-02  7.80401154e+02 
 7.14285714e-02 -1.15721826e-03  7.14285714e-02  7.14285714e-02  7.14285714e-02  7.82801069e+02 
 7.16283716e-02 -1.15747311e-03  7.16283716e-02  7.16283716e-02  7.16283716e-02  7.85204361e+02 
 7.18281718e-02 -1.15772717e-03  7.18281718e-02  7.18281718e-02  7.18281718e-02  7.87611076e+02 
 7.20279720e-02 -1.15798046e-03  7.20279720e-02  7.20279720e-02  7.20279720e-02  7.90021219e+02 
 7.22277722e-02 -1.15823298e-03  7.22277722e-02  7.22277722e-02  7.22277722e-02  7.92434784e+02 
 7.24275724e-02 -1.15848473e-03  7.24275724e-02  7.24275724e-02  7.24275724e-02  7.94851817e+02 
 7.26273726e-02 -1.15873572e-03  7.26273726e-02  7.26273726e-02  7.26273726e-02  7.97272321e+02 
 7.28271728e-02 -1.15898594e-03  7.28271728e-02  7.28271728e-02  7.28271728e-02  7.99696302e+02 
 7.30269730e-02 -1.15923541e-03  7.30269730e-02  7.30269730e-02  7.30269730e-02  8.02123795e+02 
 7.32267732e-02 -1.15948412e-03  7.32267732e-02  7.32267732e-02  7.32267732e-02  8.04554817e+02 
 7.34265734e-02 -1.15973208e-03  7.34265734e-02  7.34265734e-02  7.34265734e-02  8.06989355e+02 
 7.36263736e-02 -1.15997930e-03  7.36263736e-02  7.36263736e-02  7.36263736e-02  8.09427439e+02 
 7.38261738e-02 -1.16022576e-03  7.38261738e-02  7.38261738e-02  7.38261738e-02  8.11869103e+02 
 7.40259740e-02 -1.16047149e-03  7.40259740e-02  7.40259740e-02  7.40259740e-02  8.14314340e+02 
 7.42257742e-02 -1.16071648e-03  7.42257742e-02  7.42257742e-02  7.42257742e-02  8.16763165e+02 
 7.44255744e-02 -1.16096074e-03  7.44255744e-02  7.44255744e-02  7.44255744e-02  8.19215622e+02 
 7.46253746e-02 -1.16120427e-03  7.46253746e-02  7.46253746e-02  7.46253746e-02  8.21671693e+02 
 7.48251748e-02 -1.16144707e-03  7.48251748e-02  7.48251748e-02  7.48251748e-02  8.24131403e+02 
 7.50249750e-02 -1.16168914e-03  7.50249750e-02  7.50249750e-02  7.50249750e-02  8.26594777e+02 
 7.52247752e-02 -1.16193050e-03  7.52247752e-02  7.52247752e-02  7.52247752e-02  8.29061817e+02 
 7.54245754e-02 -1.16217113e-03  7.54245754e-02  7.54245754e-02  7.54245754e-02  8.31532554e+02 
 7.56243756e-02 -1.16241106e-03  7.56243756e-02  7.56243756e-02  7.56243756e-02  8.34006997e+02 
 7.58241758e-02 -1.16265027e-03  7.58241758e-02  7.58241758e-02  7.58241758e-02  8.36485160e+02 
 7.60239760e-02 -1.16288877e-03  7.60239760e-02  7.60239760e-02  7.60239760e-02  8.38967047e+02 
 7.62237762e-02 -1.16312657e-03  7.62237762e-02  7.62237762e-02  7.62237762e-02  8.41452689e+02 
 7.64235764e-02 -1.16336366e-03  7.64235764e-02  7.64235764e-02  7.64235764e-02  8.43942111e+02 
 7.66233766e-02 -1.16360006e-03  7.66233766e-02  7.66233766e-02  7.66233766e-02  8.46435299e+02 
 7.68231768e-02 -1.16383576e-03  7.68231768e-02  7.68231768e-02  7.68231768e-02  8.48932296e+02 
 7.70229770e-02 -1.16407077e-03  7.70229770e-02  7.70229770e-02  7.70229770e-02  8.51433114e+02 
 7.72227772e-02 -1.16430509e-03  7.72227772e-02  7.72227772e-02  7.72227772e-02  8.53937738e+02 
 7.74225774e-02 -1.16453872e-03  7.74225774e-02  7.74225774e-02  7.74225774e-02  8.56446214e+02 
 7.76223776e-02 -1.16477167e-03  7.76223776e-02  7.76223776e-02  7.76223776e-02  8.58958554e+02 
 7.78221778e-02 -1.16500394e-03  7.78221778e-02  7.78221778e-02  7.78221778e-02  8.61474778e+02 
 7.80219780e-02 -1.16523552e-03  7.80219780e-02  7.80219780e-02  7.80219780e-02  8.63994895e+02 
 7.82217782e-02 -1.16546644e-03  7.82217782e-02  7.82217782e-02  7.82217782e-02  8.66518906e+02 
 7.84215784e-02 -1.16569668e-03  7.84215784e-02  7.84215784e-02  7.84215784e-02  8.69046826e+02 
 7.86213786e-02 -1.16592625e-03  7.86213786e-02  7.86213786e-02  7.86213786e-02  8.71578699e+02 
 7.88211788e-02 -1.16615516e-03  7.88211788e-02  7.88211788e-02  7.88211788e-02  8.74114547e+02 
 7.90209790e-02 -1.16638340e-03  7.90209790e-02  7.90209790e-02  7.90209790e-02  8.76654338e+02 
 7.92207792e-02 -1.16661098e-03  7.92207792e-02  7.92207792e-02  7.92207792e-02  8.79198130e+02 
 7.94205794e-02 -1.16683791e-03  7.94205794e-02  7.94205794e-02  7.94205794e-02  8.81745919e+02 
 7.96203796e-02 -1.16706418e-03  7.96203796e-02  7.96203796e-02  7.96203796e-02  8.84297709e+02 
 7.98201798e-02 -1.16728979e-03  7.98201798e-02  7.98201798e-02  7.98201798e-02  8.86853540e+02 
 8.00199800e-02 -1.16751476e-03  8.00199800e-02  8.00199800e-02  8.00199800e-02  8.89413425e+02 
 8.02197802e-02 -1.16773908e-03  8.02197802e-02  8.02197802e-02  8.02197802e-02  8.91977370e+02 
 8.04195804e-02 -1.16796275e-03  8.04195804e-02  8.04195804e-02  8.04195804e-02  8.94545394e+02 
 8.06193806e-02 -1.16818579e-03  8.06193806e-02  8.06193806e-02  8.06193806e-02  8.97117516e+02 
 8.08191808e-02 -1.16840818e-03  8.08191808e-02  8.08191808e-02  8.08191808e-02  8.99693740e+02 
 8.10189810e-02 -1.16862994e-03  8.10189810e-02  8.10189810e-02  8.10189810e-02  9.02274087e+02 
 8.12187812e-02 -1.16885106e-03  8.12187812e-02  8.12187812e-02  8.12187812e-02  9.04858583e+02 
 8.14185814e-02 -1.16907155e-03  8.14185814e-02  8.14185814e-02  8.14185814e-02  9.07447247e+02 
 8.16183816e-02 -1.16929142e-03  8.16183816e-02  8.16183816e-02  8.16183816e-02  9.10040069e+02 
 8.18181818e-02 -1.16951066e-03  8.18181818e-02  8.18181818e-02  8.18181818e-02  9.12637088e+02 
 8.20179820e-02 -1.16972927e-03  8.20179820e-02  8.20179820e-02  8.20179820e-02  9.15238307e+02 
 8.22177822e-02 -1.16994726e-03  8.22177822e-02  8.22177822e-02  8.22177822e-02  9.17843746e+02 
 8.24175824e-02 -1.17016464e-03  8.24175824e-02  8.24175824e-02  8.24175824e-02  9.20453421e+02 
 8.26173826e-02 -1.17038140e-03  8.26173826e-02  8.26173826e-02  8.26173826e-02  9.23067339e+02 
 8.28171828e-02 -1.17059754e-03  8.28171828e-02  8.28171828e-02  8.28171828e-02  9.25685538e+02 
 8.30169830e-02 -1.17081308e-03  8.30169830e-02  8.30169830e-02  8.30169830e-02  9.28308025e+02 
 8.32167832e-02 -1.17102800e-03  8.32167832e-02  8.32167832e-02  8.32167832e-02  9.30934807e+02 
 8.34165834e-02 -1.17124232e-03  8.34165834e-02  8.34165834e-02  8.34165834e-02  9.33565899e+02 
 8.36163836e-02 -1.17145604e-03  8.36163836e-02  8.36163836e-02  8.36163836e-02  9.36201313e+02 
 8.38161838e-02 -1.17166916e-03  8.38161838e-02  8.38161838e-02  8.38161838e-02  9.38841076e+02 
 8.40159840e-02 -1.17188167e-03  8.40159840e-02  8.40159840e-02  8.40159840e-02  9.41485229e+02 
 8.42157842e-02 -1.17209359e-03  8.42157842e-02  8.42157842e-02  8.42157842e-02  9.44133738e+02 
 8.44155844e-02 -1.17230492e-03  8.44155844e-02  8.44155844e-02  8.44155844e-02  9.46786625e+02 
 8.46153846e-02 -1.17251565e-03  8.46153846e-02  8.46153846e-02  8.46153846e-02  9.49443951e+02 
 8.48151848e-02 -1.17272580e-03  8.48151848e-02  8.48151848e-02  8.48151848e-02  9.52105700e+02 
 8.50149850e-02 -1.17293535e-03  8.50149850e-02  8.50149850e-02  8.50149850e-02  9.54771876e+02 
 8.52147852e-02 -1.17314433e-03  8.52147852e-02  8.52147852e-02  8.52147852e-02  9.57442504e+02 
 8.54145854e-02 -1.17335272e-03  8.54145854e-02  8.54145854e-02  8.54145854e-02  9.60117621e+02 
 8.56143856e-02 -1.17356053e-03  8.56143856e-02  8.56143856e-02  8.56143856e-02  9.62797224e+02 
 8.58141858e-02 -1.17376776e-03  8.58141858e-02  8.58141858e-02  8.58141858e-02  9.65481344e+02 
 8.60139860e-02 -1.17397441e-03  8.60139860e-02  8.60139860e-02  8.60139860e-02  9.68169969e+02 
 8.62137862e-02 -1.17418049e-03  8.62137862e-02  8.62137862e-02  8.62137862e-02  9.70863126e+02 
 8.64135864e-02 -1.17438601e-03  8.64135864e-02  8.64135864e-02  8.64135864e-02  9.73560844e+02 
 8.66133866e-02 -1.17459095e-03  8.66133866e-02  8.66133866e-02  8.66133866e-02  9.76263135e+02 
 8.68131868e-02 -1.17479532e-03  8.68131868e-02  8.68131868e-02  8.68131868e-02  9.78970014e+02 
 8.70129870e-02 -1.17499913e-03  8.70129870e-02  8.70129870e-02  8.70129870e-02  9.81681479e+02 
 8.72127872e-02 -1.17520238e-03  8.72127872e-02  8.72127872e-02  8.72127872e-02  9.84397569e+02 
 8.74125874e-02 -1.17540507e-03  8.74125874e-02  8.74125874e-02  8.74125874e-02  9.87118294e+02 
 8.76123876e-02 -1.17560719e-03  8.76123876e-02  8.76123876e-02  8.76123876e-02  9.89843669e+02 
 8.78121878e-02 -1.17580877e-03  8.78121878e-02  8.78121878e-02  8.78121878e-02  9.92573715e+02 
 8.80119880e-02 -1.17600978e-03  8.80119880e-02  8.80119880e-02  8.80119880e-02  9.95308429e+02 
 8.82117882e-02 -1.17621025e-03  8.82117882e-02  8.82117882e-02  8.82117882e-02  9.98047830e+02 
 8.84115884e-02 -1.17641017e-03  8.84115884e-02  8.84115884e-02  8.84115884e-02  1.00079196e+03 
 8.86113886e-02 -1.17660953e-03  8.86113886e-02  8.86113886e-02  8.86113886e-02  1.00354082e+03 
 8.88111888e-02 -1.17680836e-03  8.88111888e-02  8.88111888e-02  8.88111888e-02  1.00629442e+03 
 8.90109890e-02 -1.17700664e-03  8.90109890e-02  8.90109890e-02  8.90109890e-02  1.00905279e+03 
 8.92107892e-02 -1.17720437e-03  8.92107892e-02  8.92107892e-02  8.92107892e-02  1.01181593e+03 
 8.94105894e-02 -1.17740157e-03  8.94105894e-02  8.94105894e-02  8.94105894e-02  1.01458386e+03 
 8.96103896e-02 -1.17759823e-03  8.96103896e-02  8.96103896e-02  8.96103896e-02  1.01735661e+03 
 8.98101898e-02 -1.17779435e-03  8.98101898e-02  8.98101898e-02  8.98101898e-02  1.02013418e+03 
 9.00099900e-02 -1.17798994e-03  9.00099900e-02  9.00099900e-02  9.00099900e-02  1.02291659e+03 
 9.02097902e-02 -1.17818500e-03  9.02097902e-02  9.02097902e-02  9.02097902e-02  1.02570385e+03 
 9.04095904e-02 -1.17837953e-03  9.04095904e-02  9.04095904e-02  9.04095904e-02  1.02849601e+03 
 9.06093906e-02 -1.17857353e-03  9.06093906e-02  9.06093906e-02  9.06093906e-02  1.03129305e+03 
 9.08091908e-02 -1.17876700e-03  9.08091908e-02  9.08091908e-02  9.08091908e-02  1.03409497e+03 
 9.10089910e-02 -1.17895995e-03  9.10089910e-02  9.10089910e-02  9.10089910e-02  1.03690184e+03 
 9.12087912e-02 -1.17915238e-03  9.12087912e-02  9.12087912e-02  9.12087912e-02  1.03971363e+03 
 9.14085914e-02 -1.17934429e-03  9.14085914e-02  9.14085914e-02  9.14085914e-02  1.04253040e+03 
 9.16083916e-02 -1.17953568e-03  9.16083916e-02  9.16083916e-02  9.16083916e-02  1.04535214e+03 
 9.18081918e-02 -1.17972656e-03  9.18081918e-02  9.18081918e-02  9.18081918e-02  1.04817884e+03 
 9.20079920e-02 -1.17991691e-03  9.20079920e-02  9.20079920e-02  9.20079920e-02  1.05101058e+03 
 9.22077922e-02 -1.18010676e-03  9.22077922e-02  9.22077922e-02  9.22077922e-02  1.05384731e+03 
 9.24075924e-02 -1.18029610e-03  9.24075924e-02  9.24075924e-02  9.24075924e-02  1.05668909e+03 
 9.26073926e-02 -1.18048492e-03  9.26073926e-02  9.26073926e-02  9.26073926e-02  1.05953593e+03 
 9.28071928e-02 -1.18067324e-03  9.28071928e-02  9.28071928e-02  9.28071928e-02  1.06238782e+03 
 9.30069930e-02 -1.18086106e-03  9.30069930e-02  9.30069930e-02  9.30069930e-02  1.06524479e+03 
 9.32067932e-02 -1.18104837e-03  9.32067932e-02  9.32067932e-02  9.32067932e-02  1.06810689e+03 
 9.34065934e-02 -1.18123518e-03  9.34065934e-02  9.34065934e-02  9.34065934e-02  1.07097410e+03 
 9.36063936e-02 -1.18142149e-03  9.36063936e-02  9.36063936e-02  9.36063936e-02  1.07384643e+03 
 9.38061938e-02 -1.18160730e-03  9.38061938e-02  9.38061938e-02  9.38061938e-02  1.07672394e+03 
 9.40059940e-02 -1.18179261e-03  9.40059940e-02  9.40059940e-02  9.40059940e-02  1.07960660e+03 
 9.42057942e-02 -1.18197743e-03  9.42057942e-02  9.42057942e-02  9.42057942e-02  1.08249443e+03 
 9.44055944e-02 -1.18216176e-03  9.44055944e-02  9.44055944e-02  9.44055944e-02  1.08538748e+03 
 9.46053946e-02 -1.18234560e-03  9.46053946e-02  9.46053946e-02  9.46053946e-02  1.08828574e+03 
 9.48051948e-02 -1.18252894e-03  9.48051948e-02  9.48051948e-02  9.48051948e-02  1.09118922e+03 
 9.50049950e-02 -1.18271180e-03  9.50049950e-02  9.50049950e-02  9.50049950e-02  1.09409796e+03 
 9.52047952e-02 -1.18289418e-03  9.52047952e-02  9.52047952e-02  9.52047952e-02  1.09701199e+03 
 9.54045954e-02 -1.18307607e-03  9.54045954e-02  9.54045954e-02  9.54045954e-02  1.09993127e+03 
 9.56043956e-02 -1.18325747e-03  9.56043956e-02  9.56043956e-02  9.56043956e-02  1.10285585e+03 
 9.58041958e-02 -1.18343840e-03  9.58041958e-02  9.58041958e-02  9.58041958e-02  1.10578576e+03 
 9.60039960e-02 -1.18361885e-03  9.60039960e-02  9.60039960e-02  9.60039960e-02  1.10872099e+03 
 9.62037962e-02 -1.18379881e-03  9.62037962e-02  9.62037962e-02  9.62037962e-02  1.11166159e+03 
 9.64035964e-02 -1.18397831e-03  9.64035964e-02  9.64035964e-02  9.64035964e-02  1.11460752e+03 
 9.66033966e-02 -1.18415733e-03  9.66033966e-02  9.66033966e-02  9.66033966e-02  1.11755885e+03 
 9.68031968e-02 -1.18433587e-03  9.68031968e-02  9.68031968e-02  9.68031968e-02  1.12051559e+03 
 9.70029970e-02 -1.18451395e-03  9.70029970e-02  9.70029970e-02  9.70029970e-02  1.12347774e+03 
 9.72027972e-02 -1.18469155e-03  9.72027972e-02  9.72027972e-02  9.72027972e-02  1.12644530e+03 
 9.74025974e-02 -1.18486869e-03  9.74025974e-02  9.74025974e-02  9.74025974e-02  1.12941831e+03 
 9.76023976e-02 -1.18504537e-03  9.76023976e-02  9.76023976e-02  9.76023976e-02  1.13239682e+03 
 9.78021978e-02 -1.18522157e-03  9.78021978e-02  9.78021978e-02  9.78021978e-02  1.13538079e+03 
 9.80019980e-02 -1.18539732e-03  9.80019980e-02  9.80019980e-02  9.80019980e-02  1.13837024e+03 
 9.82017982e-02 -1.18557260e-03  9.82017982e-02  9.82017982e-02  9.82017982e-02  1.14136522e+03 
 9.84015984e-02 -1.18574743e-03  9.84015984e-02  9.84015984e-02  9.84015984e-02  1.14436573e+03 
 9.86013986e-02 -1.18592179e-03  9.86013986e-02  9.86013986e-02  9.86013986e-02  1.14737177e+03 
 9.88011988e-02 -1.18609570e-03  9.88011988e-02  9.88011988e-02  9.88011988e-02  1.15038340e+03 
 9.90009990e-02 -1.18626915e-03  9.90009990e-02  9.90009990e-02  9.90009990e-02  1.15340061e+03 
 9.92007992e-02 -1.18644215e-03  9.92007992e-02  9.92007992e-02  9.92007992e-02  1.15642341e+03 
 9.94005994e-02 -1.18661470e-03  9.94005994e-02  9.94005994e-02  9.94005994e-02  1.15945182e+03 
 9.96003996e-02 -1.18678680e-03  9.96003996e-02  9.96003996e-02  9.96003996e-02  1.16248587e+03 
 9.98001998e-02 -1.18695845e-03  9.98001998e-02  9.98001998e-02  9.98001998e-02  1.16552555e+03 
 1.00000000e-01 -1.18712965e-03  1.00000000e-01  1.00000000e-01  1.00000000e-01  1.16857601e+03 
