-1.00000000e-01  1.00000000e-03 -1.00000000e-01  8.36245025e-01 -1.00000000e-01  2.56877729e+01 
-9.90000000e-02  9.70000000e-04 -9.90000000e-02  8.35625194e-01 -9.90000000e-02  2.68944358e+01 
-9.80000000e-02  9.40896000e-04 -9.80000000e-02  8.34937835e-01 -9.80000000e-02  2.76234237e+01 
-9.70000000e-02  9.12380000e-04 -9.70000000e-02  8.34239254e-01 -9.70000000e-02  2.80830138e+01 
-9.60000000e-02  8.84446000e-04 -9.60000000e-02  8.33506258e-01 -9.60000000e-02  2.86804232e+01 
-9.50000000e-02  8.57088000e-04 -9.50000000e-02  8.32737207e-01 -9.50000000e-02  2.92782280e+01 
-9.40000000e-02  8.30300000e-04 -9.40000000e-02  8.31930543e-01 -9.40000000e-02  2.98747213e+01 
-9.30000000e-02  8.04076000e-04 -9.30000000e-02  8.31084826e-01 -9.30000000e-02  3.04682913e+01 
-9.20000000e-02  7.78410000e-04 -9.20000000e-02  8.30198741e-01 -9.20000000e-02  3.10575417e+01 
-9.10000000e-02  7.53296000e-04 -9.10000000e-02  8.29271108e-01 -9.10000000e-02  3.16412823e+01 
-9.00000000e-02  7.28728000e-04 -9.00000000e-02  8.28300885e-01 -9.00000000e-02  3.22185295e+01 
-8.90000000e-02  7.04700000e-04 -8.90000000e-02  8.27287175e-01 -8.90000000e-02  3.27884989e+01 
-8.80000000e-02  6.81206000e-04 -8.80000000e-02  8.26229220e-01 -8.80000000e-02  3.33505934e+01 
-8.70000000e-02  6.58240000e-04 -8.70000000e-02  8.25126403e-01 -8.70000000e-02  3.39043872e+01 
-8.60000000e-02  6.35796000e-04 -8.60000000e-02  8.23978244e-01 -8.60000000e-02  3.44496080e+01 
-8.50000000e-02  6.13868000e-04 -8.50000000e-02  8.22784390e-01 -8.50000000e-02  3.49861188e+01 
-8.40000000e-02  5.92450000e-04 -8.40000000e-02  8.21544611e-01 -8.40000000e-02  3.55138994e+01 
-8.30000000e-02  5.71536000e-04 -8.30000000e-02  8.20258794e-01 -8.30000000e-02  3.60330289e+01 
-8.20000000e-02  5.51120000e-04 -8.20000000e-02  8.18926930e-01 -8.20000000e-02  3.65436701e+01 
-8.10000000e-02  5.31196000e-04 -8.10000000e-02  8.17549106e-01 -8.10000000e-02  3.70460544e+01 
-8.00000000e-02  5.11758000e-04 -8.00000000e-02  8.16125499e-01 -8.00000000e-02  3.75404695e+01 
-7.90000000e-02  4.92800000e-04 -7.90000000e-02  8.14656365e-01 -7.90000000e-02  3.80272479e+01 
-7.80000000e-02  4.74316000e-04 -7.80000000e-02  8.13142031e-01 -7.80000000e-02  3.85067575e+01 
-7.70000000e-02  4.56300000e-04 -7.70000000e-02  8.11582883e-01 -7.70000000e-02  3.89793939e+01 
-7.60000000e-02  4.38746000e-04 -7.60000000e-02  8.09979363e-01 -7.60000000e-02  3.94455733e+01 
-7.50000000e-02  4.21648000e-04 -7.50000000e-02  8.08331958e-01 -7.50000000e-02  3.99057276e+01 
-7.40000000e-02  4.05000000e-04 -7.40000000e-02  8.06641191e-01 -7.40000000e-02  4.03602997e+01 
-7.30000000e-02  3.88796000e-04 -7.30000000e-02  8.04907618e-01 -7.30000000e-02  4.08097404e+01 
-7.20000000e-02  3.73030000e-04 -7.20000000e-02  8.03131817e-01 -7.20000000e-02  4.12545060e+01 
-7.10000000e-02  3.57696000e-04 -7.10000000e-02  8.01314383e-01 -7.10000000e-02  4.16950561e+01 
-7.00000000e-02  3.42788000e-04 -7.00000000e-02  7.99455920e-01 -7.00000000e-02  4.21318528e+01 
-6.90000000e-02  3.28300000e-04 -6.90000000e-02  7.97557039e-01 -6.90000000e-02  4.25653598e+01 
-6.80000000e-02  3.14226000e-04 -6.80000000e-02  7.95618348e-01 -6.80000000e-02  4.29960422e+01 
-6.70000000e-02  3.00560000e-04 -6.70000000e-02  7.93640445e-01 -6.70000000e-02  4.34243663e+01 
-6.60000000e-02  2.87296000e-04 -6.60000000e-02  7.91623919e-01 -6.60000000e-02  4.38508007e+01 
-6.50000000e-02  2.74428000e-04 -6.50000000e-02  7.89569337e-01 -6.50000000e-02  4.42758163e+01 
-6.40000000e-02  2.61950000e-04 -6.40000000e-02  7.87477242e-01 -6.40000000e-02  4.46998875e+01 
-6.30000000e-02  2.49856000e-04 -6.30000000e-02  7.85348147e-01 -6.30000000e-02  4.51234937e+01 
-6.20000000e-02  2.38140000e-04 -6.20000000e-02  7.83182529e-01 -6.20000000e-02  4.55471199e+01 
-6.10000000e-02  2.26796000e-04 -6.10000000e-02  7.80980824e-01 -6.10000000e-02  4.59712587e+01 
-6.00000000e-02  2.15818000e-04 -6.00000000e-02  7.78743418e-01 -6.00000000e-02  4.63964120e+01 
-5.90000000e-02  2.05200000e-04 -5.90000000e-02  7.76470644e-01 -5.90000000e-02  4.68230923e+01 
-5.80000000e-02  1.94936000e-04 -5.80000000e-02  7.74162772e-01 -5.80000000e-02  4.72518250e+01 
-5.70000000e-02  1.85020000e-04 -5.70000000e-02  7.71820007e-01 -5.70000000e-02  4.76831503e+01 
-5.60000000e-02  1.75446000e-04 -5.60000000e-02  7.69442475e-01 -5.60000000e-02  4.81176255e+01 
-5.50000000e-02  1.66208000e-04 -5.50000000e-02  7.67030219e-01 -5.50000000e-02  4.85558270e+01 
-5.40000000e-02  1.57300000e-04 -5.40000000e-02  7.64583191e-01 -5.40000000e-02  4.89983527e+01 
-5.30000000e-02  1.48716000e-04 -5.30000000e-02  7.62101239e-01 -5.30000000e-02  4.94458245e+01 
-5.20000000e-02  1.40450000e-04 -5.20000000e-02  7.59584099e-01 -5.20000000e-02  4.98988910e+01 
-5.10000000e-02  1.32496000e-04 -5.10000000e-02  7.57031386e-01 -5.10000000e-02  5.03582293e+01 
-5.00000000e-02  1.24848000e-04 -5.00000000e-02  7.54442577e-01 -5.00000000e-02  5.08245484e+01 
-4.90000000e-02  1.17500000e-04 -4.90000000e-02  7.51817003e-01 -4.90000000e-02  5.12985909e+01 
-4.80000000e-02  1.10446000e-04 -4.80000000e-02  7.49153835e-01 -4.80000000e-02  5.17811357e+01 
-4.70000000e-02  1.03680000e-04 -4.70000000e-02  7.46452064e-01 -4.70000000e-02  5.22729998e+01 
-4.60000000e-02  9.71960000e-05 -4.60000000e-02  7.43710490e-01 -4.60000000e-02  5.27750399e+01 
-4.50000000e-02  9.09880000e-05 -4.50000000e-02  7.40927703e-01 -4.50000000e-02  5.32881537e+01 
-4.40000000e-02  8.50500000e-05 -4.40000000e-02  7.38102064e-01 -4.40000000e-02  5.38132798e+01 
-4.30000000e-02  7.93760000e-05 -4.30000000e-02  7.35231689e-01 -4.30000000e-02  5.43513970e+01 
-4.20000000e-02  7.39600000e-05 -4.20000000e-02  7.32314426e-01 -4.20000000e-02  5.49035221e+01 
-4.10000000e-02  6.87960000e-05 -4.10000000e-02  7.29347837e-01 -4.10000000e-02  5.54707051e+01 
-4.00000000e-02  6.38780000e-05 -4.00000000e-02  7.26329181e-01 -4.00000000e-02  5.60540222e+01 
-3.90000000e-02  5.92000000e-05 -3.90000000e-02  7.23255396e-01 -3.90000000e-02  5.66545654e+01 
-3.80000000e-02  5.47560000e-05 -3.80000000e-02  7.20123087e-01 -3.80000000e-02  5.72734275e+01 
-3.70000000e-02  5.05400000e-05 -3.70000000e-02  7.16928520e-01 -3.70000000e-02  5.79116818e+01 
-3.60000000e-02  4.65460000e-05 -3.60000000e-02  7.13667626e-01 -3.60000000e-02  5.85703540e+01 
-3.50000000e-02  4.27680000e-05 -3.50000000e-02  7.10336015e-01 -3.50000000e-02  5.92503866e+01 
-3.40000000e-02  3.92000000e-05 -3.40000000e-02  7.06929017e-01 -3.40000000e-02  5.99525920e+01 
-3.30000000e-02  3.58360000e-05 -3.30000000e-02  7.03441747e-01 -3.30000000e-02  6.06775943e+01 
-3.20000000e-02  3.26700000e-05 -3.20000000e-02  6.99869209e-01 -3.20000000e-02  6.14257559e+01 
-3.10000000e-02  2.96960000e-05 -3.10000000e-02  6.96206453e-01 -3.10000000e-02  6.21970896e+01 
-3.00000000e-02  2.69080000e-05 -3.00000000e-02  6.92448802e-01 -3.00000000e-02  6.29911554e+01 
-2.90000000e-02  2.43000000e-05 -2.90000000e-02  6.88592158e-01 -2.90000000e-02  6.38069415e+01 
-2.80000000e-02  2.18660000e-05 -2.80000000e-02  6.84633425e-01 -2.80000000e-02  6.46427360e+01 
-2.70000000e-02  1.96000000e-05 -2.70000000e-02  6.80571045e-01 -2.70000000e-02  6.54959949e+01 
-2.60000000e-02  1.74960000e-05 -2.60000000e-02  6.76405673e-01 -2.60000000e-02  6.63632195e+01 
-2.50000000e-02  1.55480000e-05 -2.50000000e-02  6.72140990e-01 -2.50000000e-02  6.72398614e+01 
-2.40000000e-02  1.37500000e-05 -2.40000000e-02  6.67784610e-01 -2.40000000e-02  6.81202776e+01 
-2.30000000e-02  1.20960000e-05 -2.30000000e-02  6.63349051e-01 -2.30000000e-02  6.89977625e+01 
-2.20000000e-02  1.05800000e-05 -2.20000000e-02  6.58852637e-01 -2.20000000e-02  6.98646807e+01 
-2.10000000e-02  9.19600000e-06 -2.10000000e-02  6.54320209e-01 -2.10000000e-02  7.07127166e+01 
-2.00000000e-02  7.93800000e-06 -2.00000000e-02  6.49783444e-01 -2.00000000e-02  7.15332388e+01 
-1.90000000e-02  6.80000000e-06 -1.90000000e-02  6.45280619e-01 -1.90000000e-02  7.23177543e+01 
-1.80000000e-02  5.77600000e-06 -1.80000000e-02  6.40855666e-01 -1.80000000e-02  7.30584028e+01 
-1.70000000e-02  4.86000000e-06 -1.70000000e-02  6.36556494e-01 -1.70000000e-02  7.37484244e+01 
-1.60000000e-02  4.04600000e-06 -1.60000000e-02  6.32432656e-01 -1.60000000e-02  7.43825337e+01 
-1.50000000e-02  3.32800000e-06 -1.50000000e-02  6.28532595e-01 -1.50000000e-02  7.49571490e+01 
-1.40000000e-02  2.70000000e-06 -1.40000000e-02  6.24900791e-01 -1.40000000e-02  7.54704553e+01 
-1.30000000e-02  2.15600000e-06 -1.30000000e-02  6.21575140e-01 -1.30000000e-02  7.59223152e+01 
-1.20000000e-02  1.69000000e-06 -1.20000000e-02  6.18584863e-01 -1.20000000e-02  7.63140643e+01 
-1.10000000e-02  1.29600000e-06 -1.10000000e-02  6.15949115e-01 -1.10000000e-02  7.66482427e+01 
-1.00000000e-02  9.68000000e-07 -1.00000000e-02  6.13676357e-01 -1.00000000e-02  7.69283117e+01 
-9.00000000e-03  7.00000000e-07 -9.00000000e-03  6.11764439e-01 -9.00000000e-03  7.71583920e+01 
-8.00000000e-03  4.86000000e-07 -8.00000000e-03  6.10201263e-01 -8.00000000e-03  7.73430459e+01 
-7.00000000e-03  3.20000000e-07 -7.00000000e-03  6.08965871e-01 -7.00000000e-03  7.74871138e+01 
-6.00000000e-03  1.96000000e-07 -6.00000000e-03  6.08029793e-01 -6.00000000e-03  7.75956048e+01 
-5.00000000e-03  1.08000000e-07 -5.00000000e-03  6.07358500e-01 -5.00000000e-03  7.76736373e+01 
-4.00000000e-03  4.99999999e-08 -4.00000000e-03  6.06912841e-01 -4.00000000e-03  7.77264494e+01 
-3.00000000e-03  1.60000000e-08 -3.00000000e-03  6.06650375e-01 -3.00000000e-03  7.77595708e+01 
-2.00000000e-03  0.00000000e+00 -2.00000000e-03  6.06526520e-01 -2.00000000e-03  7.77800082e+01 
-1.00000000e-03 -4.00000011e-09 -1.00000000e-03  6.06495482e-01 -1.00000000e-03  7.78365213e+01 
 9.02056208e-17 -1.99999994e-09  9.02056208e-17  6.06510929e-01  9.02056208e-17  7.77632327e+01 
 1.00000000e-03  0.00000000e+00  1.00000000e-03  6.06526401e-01  1.00000000e-03  7.77779944e+01 
 2.00000000e-03 -4.00000011e-09  2.00000000e-03  6.06495444e-01  2.00000000e-03  7.77817074e+01 
 3.00000000e-03 -2.00000001e-08  3.00000000e-03  6.06371478e-01  3.00000000e-03  7.77985475e+01 
 4.00000000e-03 -5.40000000e-08  4.00000000e-03  6.06107385e-01  4.00000000e-03  7.78305108e+01 
 5.00000000e-03 -1.12000000e-07  5.00000000e-03  6.05654818e-01  5.00000000e-03  7.78827598e+01 
 6.00000000e-03 -2.00000000e-07  6.00000000e-03  6.04963214e-01  6.00000000e-03  7.79604405e+01 
 7.00000000e-03 -3.24000000e-07  7.00000000e-03  6.03978494e-01  7.00000000e-03  7.80686445e+01 
 8.00000000e-03 -4.90000000e-07  8.00000000e-03  6.02641385e-01  8.00000000e-03  7.82123808e+01 
 9.00000000e-03 -7.04000000e-07  9.00000000e-03  6.00885332e-01  9.00000000e-03  7.83965153e+01 
 1.00000000e-02 -9.72000000e-07  1.00000000e-02  5.98633892e-01  1.00000000e-02  7.86256611e+01 
 1.10000000e-02 -1.30000000e-06  1.10000000e-02  5.95797541e-01  1.10000000e-02  7.89039968e+01 
 1.20000000e-02 -1.69400000e-06  1.20000000e-02  5.92269791e-01  1.20000000e-02  7.92349885e+01 
 1.30000000e-02 -2.16000000e-06  1.30000000e-02  5.87922589e-01  1.30000000e-02  7.96209844e+01 
 1.40000000e-02 -2.70400000e-06  1.40000000e-02  5.82601036e-01  1.40000000e-02  8.00626667e+01 
 1.50000000e-02 -3.33200000e-06  1.50000000e-02  5.76117726e-01  1.50000000e-02  8.05583794e+01 
 1.60000000e-02 -4.05000000e-06  1.60000000e-02  5.68247330e-01  1.60000000e-02  8.11255029e+01 
 1.70000000e-02 -4.91300000e-06  1.70000000e-02  5.58120440e-01  1.70000000e-02  8.17115788e+01 
 1.80000000e-02 -5.83200000e-06  1.80000000e-02  5.46545986e-01  1.80000000e-02  8.23392670e+01 
 1.90000000e-02 -6.85900000e-06  1.90000000e-02  5.32645910e-01  1.90000000e-02  8.29669327e+01 
 2.00000000e-02 -8.00000000e-06  2.00000000e-02  5.16038535e-01  2.00000000e-02  8.35921007e+01 
 2.10000000e-02 -9.26100000e-06  2.10000000e-02  4.96323217e-01  2.10000000e-02  8.42001344e+01 
 2.20000000e-02 -1.06480000e-05  2.20000000e-02  4.73092340e-01  2.20000000e-02  8.47798905e+01 
 2.30000000e-02 -1.21670000e-05  2.30000000e-02  4.45939508e-01  2.30000000e-02  8.53248646e+01 
 2.40000000e-02 -1.38240000e-05  2.40000000e-02  4.14461823e-01  2.40000000e-02  8.58329451e+01 
 2.50000000e-02 -1.56250000e-05  2.50000000e-02  3.78257654e-01  2.50000000e-02  8.63050154e+01 
 2.60000000e-02 -1.75760000e-05  2.60000000e-02  3.36924001e-01  2.60000000e-02  8.67430824e+01 
 2.70000000e-02 -1.96830000e-05  2.70000000e-02  2.90058146e-01  2.70000000e-02  8.71485528e+01 
 2.80000000e-02 -2.19520000e-05  2.80000000e-02  2.37267656e-01  2.80000000e-02  8.75209301e+01 
 2.90000000e-02 -2.43890000e-05  2.90000000e-02  1.78192064e-01  2.90000000e-02  8.78568650e+01 
 3.00000000e-02 -2.70000000e-05  3.00000000e-02  1.12540047e-01  3.00000000e-02  8.81492634e+01 
 3.10000000e-02 -2.97910000e-05  3.10000000e-02  4.01479968e-02  3.10000000e-02  8.83860040e+01 
 3.20000000e-02 -3.27680000e-05  3.20000000e-02 -3.89295429e-02  3.20000000e-02  8.85475852e+01 
 3.30000000e-02 -3.59370000e-05  3.30000000e-02 -1.24278504e-01  3.30000000e-02  8.86024569e+01 
 3.40000000e-02 -3.93040000e-05  3.40000000e-02 -2.14898026e-01  3.40000000e-02  8.84974287e+01 
 3.50000000e-02 -4.28750000e-05  3.50000000e-02 -3.08824968e-01  3.50000000e-02  8.81373117e+01 
 3.60000000e-02 -4.66560000e-05  3.60000000e-02 -4.02514550e-01  3.60000000e-02  8.73420215e+01 
 3.70000000e-02 -5.06530000e-05  3.70000000e-02 -4.89946053e-01  3.70000000e-02  8.57780742e+01 
 3.80000000e-02 -5.48720000e-05  3.80000000e-02 -5.62309902e-01  3.80000000e-02  8.30079108e+01 
 3.90000000e-02 -5.93190000e-05  3.90000000e-02 -6.12468095e-01  3.90000000e-02  7.89352134e+01 
 4.00000000e-02 -6.40000000e-05  4.00000000e-02 -6.43058744e-01  4.00000000e-02  7.42842055e+01 
 4.10000000e-02 -6.89210000e-05  4.10000000e-02 -6.62192772e-01  4.10000000e-02  7.03234360e+01 
 4.20000000e-02 -7.39640000e-05  4.20000000e-02 -6.75763093e-01  4.20000000e-02  6.71069319e+01 
 4.30000000e-02 -7.93800000e-05  4.30000000e-02 -6.85897598e-01  4.30000000e-02  6.44573790e+01 
 4.40000000e-02 -8.50540000e-05  4.40000000e-02 -6.94289897e-01  4.40000000e-02  6.25845027e+01 
 4.50000000e-02 -9.09920000e-05  4.50000000e-02 -7.01533832e-01  4.50000000e-02  6.10098652e+01 
 4.60000000e-02 -9.72000000e-05  4.60000000e-02 -7.07933420e-01  4.60000000e-02  5.96382257e+01 
 4.70000000e-02 -1.03684000e-04  4.70000000e-02 -7.13708057e-01  4.70000000e-02  5.84393780e+01 
 4.80000000e-02 -1.10450000e-04  4.80000000e-02 -7.19004367e-01  4.80000000e-02  5.73737811e+01 
 4.90000000e-02 -1.17504000e-04  4.90000000e-02 -7.23922087e-01  4.90000000e-02  5.64111377e+01 
 5.00000000e-02 -1.24852000e-04  5.00000000e-02 -7.28531883e-01  5.00000000e-02  5.55298403e+01 
 5.10000000e-02 -1.32500000e-04  5.10000000e-02 -7.32885377e-01  5.10000000e-02  5.47139410e+01 
 5.20000000e-02 -1.40454000e-04  5.20000000e-02 -7.37021290e-01  5.20000000e-02  5.39514000e+01 
 5.30000000e-02 -1.48720000e-04  5.30000000e-02 -7.40969275e-01  5.30000000e-02  5.32328983e+01 
 5.40000000e-02 -1.57304000e-04  5.40000000e-02 -7.44752453e-01  5.40000000e-02  5.25511224e+01 
 5.50000000e-02 -1.66212000e-04  5.50000000e-02 -7.48389133e-01  5.50000000e-02  5.19002399e+01 
 5.60000000e-02 -1.75450000e-04  5.60000000e-02 -7.51894010e-01  5.60000000e-02  5.12755302e+01 
 5.70000000e-02 -1.85024000e-04  5.70000000e-02 -7.55279010e-01  5.70000000e-02  5.06731188e+01 
 5.80000000e-02 -1.94940000e-04  5.80000000e-02 -7.58553911e-01  5.80000000e-02  5.00897854e+01 
 5.90000000e-02 -2.05204000e-04  5.90000000e-02 -7.61726793e-01  5.90000000e-02  4.95228199e+01 
 6.00000000e-02 -2.15822000e-04  6.00000000e-02 -7.64804387e-01  6.00000000e-02  4.89699161e+01 
 6.10000000e-02 -2.26800000e-04  6.10000000e-02 -7.67792328e-01  6.10000000e-02  4.84290891e+01 
 6.20000000e-02 -2.38144000e-04  6.20000000e-02 -7.70695367e-01  6.20000000e-02  4.78986127e+01 
 6.30000000e-02 -2.49860000e-04  6.30000000e-02 -7.73517519e-01  6.30000000e-02  4.73769698e+01 
 6.40000000e-02 -2.61954000e-04  6.40000000e-02 -7.76262196e-01  6.40000000e-02  4.68628136e+01 
 6.50000000e-02 -2.74432000e-04  6.50000000e-02 -7.78932303e-01  6.50000000e-02  4.63549368e+01 
 6.60000000e-02 -2.87300000e-04  6.60000000e-02 -7.81530323e-01  6.60000000e-02  4.58522463e+01 
 6.70000000e-02 -3.00564000e-04  6.70000000e-02 -7.84058379e-01  6.70000000e-02  4.53537434e+01 
 6.80000000e-02 -3.14230000e-04  6.80000000e-02 -7.86518290e-01  6.80000000e-02  4.48585075e+01 
 6.90000000e-02 -3.28304000e-04  6.90000000e-02 -7.88911619e-01  6.90000000e-02  4.43656823e+01 
 7.00000000e-02 -3.42792000e-04  7.00000000e-02 -7.91239711e-01  7.00000000e-02  4.38744655e+01 
 7.10000000e-02 -3.57700000e-04  7.10000000e-02 -7.93503721e-01  7.10000000e-02  4.33840993e+01 
 7.20000000e-02 -3.73034000e-04  7.20000000e-02 -7.95704649e-01  7.20000000e-02  4.28938635e+01 
 7.30000000e-02 -3.88800000e-04  7.30000000e-02 -7.97843360e-01  7.30000000e-02  4.24030696e+01 
 7.40000000e-02 -4.05004000e-04  7.40000000e-02 -7.99920606e-01  7.40000000e-02  4.19110566e+01 
 7.50000000e-02 -4.21652000e-04  7.50000000e-02 -8.01937047e-01  7.50000000e-02  4.14171874e+01 
 7.60000000e-02 -4.38750000e-04  7.60000000e-02 -8.03893268e-01  7.60000000e-02  4.09208465e+01 
 7.70000000e-02 -4.56304000e-04  7.70000000e-02 -8.05789795e-01  7.70000000e-02  4.04214393e+01 
 7.80000000e-02 -4.74320000e-04  7.80000000e-02 -8.07627109e-01  7.80000000e-02  3.99183915e+01 
 7.90000000e-02 -4.92804000e-04  7.90000000e-02 -8.09405662e-01  7.90000000e-02  3.94111500e+01 
 8.00000000e-02 -5.11762000e-04  8.00000000e-02 -8.11125888e-01  8.00000000e-02  3.88991853e+01 
 8.10000000e-02 -5.31200000e-04  8.10000000e-02 -8.12788220e-01  8.10000000e-02  3.83819941e+01 
 8.20000000e-02 -5.51124000e-04  8.20000000e-02 -8.14393097e-01  8.20000000e-02  3.78591041e+01 
 8.30000000e-02 -5.71540000e-04  8.30000000e-02 -8.15940981e-01  8.30000000e-02  3.73300790e+01 
 8.40000000e-02 -5.92454000e-04  8.40000000e-02 -8.17432368e-01  8.40000000e-02  3.67945261e+01 
 8.50000000e-02 -6.13872000e-04  8.50000000e-02 -8.18867795e-01  8.50000000e-02  3.62521038e+01 
 8.60000000e-02 -6.35800000e-04  8.60000000e-02 -8.20247859e-01  8.60000000e-02  3.57025320e+01 
 8.70000000e-02 -6.58244000e-04  8.70000000e-02 -8.21573221e-01  8.70000000e-02  3.51456024e+01 
 8.80000000e-02 -6.81210000e-04  8.80000000e-02 -8.22844618e-01  8.80000000e-02  3.45811917e+01 
 8.90000000e-02 -7.04704000e-04  8.90000000e-02 -8.24062874e-01  8.90000000e-02  3.40092746e+01 
 9.00000000e-02 -7.28732000e-04  9.00000000e-02 -8.25228904e-01  9.00000000e-02  3.34299381e+01 
 9.10000000e-02 -7.53300000e-04  9.10000000e-02 -8.26343727e-01  9.10000000e-02  3.28433968e+01 
 9.20000000e-02 -7.78414000e-04  9.20000000e-02 -8.27408465e-01  9.20000000e-02  3.22500076e+01 
 9.30000000e-02 -8.04080000e-04  9.30000000e-02 -8.28424349e-01  9.30000000e-02  3.16502831e+01 
 9.40000000e-02 -8.30304000e-04  9.40000000e-02 -8.29392721e-01  9.40000000e-02  3.10449046e+01 
 9.50000000e-02 -8.57092000e-04  9.50000000e-02 -8.30315035e-01  9.50000000e-02  3.04347302e+01 
 9.60000000e-02 -8.84450000e-04  9.60000000e-02 -8.31192847e-01  9.60000000e-02  2.98208002e+01 
 9.70000000e-02 -9.12384000e-04  9.70000000e-02 -8.32027818e-01  9.70000000e-02  2.92043358e+01 
 9.80000000e-02 -9.40900000e-04  9.80000000e-02 -8.32821696e-01  9.80000000e-02  2.85867310e+01 
 9.90000000e-02 -9.70004000e-04  9.90000000e-02 -8.33576313e-01  9.90000000e-02  2.79695358e+01 
 1.00000000e-01 -9.99702000e-04  1.00000000e-01 -8.34293564e-01  1.00000000e-01  2.73432067e+01 
