-1.00000000e-01  6.15742570e-04 -1.00000000e-01 -1.00000000e-01 -1.00000000e-01  1.07300178e+03 
-9.98001998e-02  6.15556152e-04 -9.98001998e-02 -9.98001998e-02 -9.98001998e-02  1.07056693e+03 
-9.96003996e-02  6.15369310e-04 -9.96003996e-02 -9.96003996e-02 -9.96003996e-02  1.06905333e+03 
-9.94005994e-02  6.15182363e-04 -9.94005994e-02 -9.94005994e-02 -9.94005994e-02  1.06814712e+03 
-9.92007992e-02  6.14995204e-04 -9.92007992e-02 -9.92007992e-02 -9.92007992e-02  1.06693481e+03 
-9.90009990e-02  6.14807832e-04 -9.90009990e-02 -9.90009990e-02 -9.90009990e-02  1.06572086e+03 
-9.88011988e-02  6.14620246e-04 -9.88011988e-02 -9.88011988e-02 -9.88011988e-02  1.06450528e+03 
-9.86013986e-02  6.14432446e-04 -9.86013986e-02 -9.86013986e-02 -9.86013986e-02  1.06328808e+03 
-9.84015984e-02  6.14244430e-04 -9.84015984e-02 -9.84015984e-02 -9.84015984e-02  1.06206924e+03 
-9.82017982e-02  6.14056199e-04 -9.82017982e-02 -9.82017982e-02 -9.82017982e-02  1.06084877e+03 
-9.80019980e-02  6.13867750e-04 -9.80019980e-02 -9.80019980e-02 -9.80019980e-02  1.05962666e+03 
-9.78021978e-02  6.13679084e-04 -9.78021978e-02 -9.78021978e-02 -9.78021978e-02  1.05840292e+03 
-9.76023976e-02  6.13490200e-04 -9.76023976e-02 -9.76023976e-02 -9.76023976e-02  1.05717753e+03 
-9.74025974e-02  6.13301096e-04 -9.74025974e-02 -9.74025974e-02 -9.74025974e-02  1.05595050e+03 
-9.72027972e-02  6.13111773e-04 -9.72027972e-02 -9.72027972e-02 -9.72027972e-02  1.05472183e+03 
-9.70029970e-02  6.12922228e-04 -9.70029970e-02 -9.70029970e-02 -9.70029970e-02  1.05349151e+03 
-9.68031968e-02  6.12732462e-04 -9.68031968e-02 -9.68031968e-02 -9.68031968e-02  1.05225954e+03 
-9.66033966e-02  6.12542474e-04 -9.66033966e-02 -9.66033966e-02 -9.66033966e-02  1.05102593e+03 
-9.64035964e-02  6.12352262e-04 -9.64035964e-02 -9.64035964e-02 -9.64035964e-02  1.04979065e+03 
-9.62037962e-02  6.12161826e-04 -9.62037962e-02 -9.62037962e-02 -9.62037962e-02  1.04855372e+03 
-9.60039960e-02  6.11971165e-04 -9.60039960e-02 -9.60039960e-02 -9.60039960e-02  1.04731514e+03 
-9.58041958e-02  6.11780278e-04 -9.58041958e-02 -9.58041958e-02 -9.58041958e-02  1.04607489e+03 
-9.56043956e-02  6.11589165e-04 -9.56043956e-02 -9.56043956e-02 -9.56043956e-02  1.04483298e+03 
-9.54045954e-02  6.11397825e-04 -9.54045954e-02 -9.54045954e-02 -9.54045954e-02  1.04358941e+03 
-9.52047952e-02  6.11206256e-04 -9.52047952e-02 -9.52047952e-02 -9.52047952e-02  1.04234417e+03 
-9.50049950e-02  6.11014458e-04 -9.50049950e-02 -9.50049950e-02 -9.50049950e-02  1.04109726e+03 
-9.48051948e-02  6.10822429e-04 -9.48051948e-02 -9.48051948e-02 -9.48051948e-02  1.03984867e+03 
-9.46053946e-02  6.10630171e-04 -9.46053946e-02 -9.46053946e-02 -9.46053946e-02  1.03859842e+03 
-9.44055944e-02  6.10437680e-04 -9.44055944e-02 -9.44055944e-02 -9.44055944e-02  1.03734648e+03 
-9.42057942e-02  6.10244957e-04 -9.42057942e-02 -9.42057942e-02 -9.42057942e-02  1.03609286e+03 
-9.40059940e-02  6.10052000e-04 -9.40059940e-02 -9.40059940e-02 -9.40059940e-02  1.03483756e+03 
-9.38061938e-02  6.09858809e-04 -9.38061938e-02 -9.38061938e-02 -9.38061938e-02  1.03358058e+03 
-9.36063936e-02  6.09665382e-04 -9.36063936e-02 -9.36063936e-02 -9.36063936e-02  1.03232190e+03 
-9.34065934e-02  6.09471720e-04 -9.34065934e-02 -9.34065934e-02 -9.34065934e-02  1.03106154e+03 
-9.32067932e-02  6.09277820e-04 -9.32067932e-02 -9.32067932e-02 -9.32067932e-02  1.02979948e+03 
-9.30069930e-02  6.09083683e-04 -9.30069930e-02 -9.30069930e-02 -9.30069930e-02  1.02853572e+03 
-9.28071928e-02  6.08889306e-04 -9.28071928e-02 -9.28071928e-02 -9.28071928e-02  1.02727027e+03 
-9.26073926e-02  6.08694690e-04 -9.26073926e-02 -9.26073926e-02 -9.26073926e-02  1.02600311e+03 
-9.24075924e-02  6.08499833e-04 -9.24075924e-02 -9.24075924e-02 -9.24075924e-02  1.02473425e+03 
-9.22077922e-02  6.08304735e-04 -9.22077922e-02 -9.22077922e-02 -9.22077922e-02  1.02346368e+03 
-9.20079920e-02  6.08109394e-04 -9.20079920e-02 -9.20079920e-02 -9.20079920e-02  1.02219140e+03 
-9.18081918e-02  6.07913810e-04 -9.18081918e-02 -9.18081918e-02 -9.18081918e-02  1.02091740e+03 
-9.16083916e-02  6.07717981e-04 -9.16083916e-02 -9.16083916e-02 -9.16083916e-02  1.01964169e+03 
-9.14085914e-02  6.07521907e-04 -9.14085914e-02 -9.14085914e-02 -9.14085914e-02  1.01836426e+03 
-9.12087912e-02  6.07325587e-04 -9.12087912e-02 -9.12087912e-02 -9.12087912e-02  1.01708510e+03 
-9.10089910e-02  6.07129019e-04 -9.10089910e-02 -9.10089910e-02 -9.10089910e-02  1.01580422e+03 
-9.08091908e-02  6.06932203e-04 -9.08091908e-02 -9.08091908e-02 -9.08091908e-02  1.01452161e+03 
-9.06093906e-02  6.06735138e-04 -9.06093906e-02 -9.06093906e-02 -9.06093906e-02  1.01323726e+03 
-9.04095904e-02  6.06537823e-04 -9.04095904e-02 -9.04095904e-02 -9.04095904e-02  1.01195118e+03 
-9.02097902e-02  6.06340257e-04 -9.02097902e-02 -9.02097902e-02 -9.02097902e-02  1.01066336e+03 
-9.00099900e-02  6.06142439e-04 -9.00099900e-02 -9.00099900e-02 -9.00099900e-02  1.00937380e+03 
-8.98101898e-02  6.05944368e-04 -8.98101898e-02 -8.98101898e-02 -8.98101898e-02  1.00808249e+03 
-8.96103896e-02  6.05746043e-04 -8.96103896e-02 -8.96103896e-02 -8.96103896e-02  1.00678943e+03 
-8.94105894e-02  6.05547462e-04 -8.94105894e-02 -8.94105894e-02 -8.94105894e-02  1.00549462e+03 
-8.92107892e-02  6.05348626e-04 -8.92107892e-02 -8.92107892e-02 -8.92107892e-02  1.00419805e+03 
-8.90109890e-02  6.05149532e-04 -8.90109890e-02 -8.90109890e-02 -8.90109890e-02  1.00289973e+03 
-8.88111888e-02  6.04950181e-04 -8.88111888e-02 -8.88111888e-02 -8.88111888e-02  1.00159964e+03 
-8.86113886e-02  6.04750570e-04 -8.86113886e-02 -8.86113886e-02 -8.86113886e-02  1.00029778e+03 
-8.84115884e-02  6.04550699e-04 -8.84115884e-02 -8.84115884e-02 -8.84115884e-02  9.98994151e+02 
-8.82117882e-02  6.04350567e-04 -8.82117882e-02 -8.82117882e-02 -8.82117882e-02  9.97688749e+02 
-8.80119880e-02  6.04150173e-04 -8.80119880e-02 -8.80119880e-02 -8.80119880e-02  9.96381569e+02 
-8.78121878e-02  6.03949516e-04 -8.78121878e-02 -8.78121878e-02 -8.78121878e-02  9.95072608e+02 
-8.76123876e-02  6.03748594e-04 -8.76123876e-02 -8.76123876e-02 -8.76123876e-02  9.93761862e+02 
-8.74125874e-02  6.03547407e-04 -8.74125874e-02 -8.74125874e-02 -8.74125874e-02  9.92449327e+02 
-8.72127872e-02  6.03345954e-04 -8.72127872e-02 -8.72127872e-02 -8.72127872e-02  9.91134997e+02 
-8.70129870e-02  6.03144233e-04 -8.70129870e-02 -8.70129870e-02 -8.70129870e-02  9.89818873e+02 
-8.68131868e-02  6.02942243e-04 -8.68131868e-02 -8.68131868e-02 -8.68131868e-02  9.88500947e+02 
-8.66133866e-02  6.02739984e-04 -8.66133866e-02 -8.66133866e-02 -8.66133866e-02  9.87181216e+02 
-8.64135864e-02  6.02537454e-04 -8.64135864e-02 -8.64135864e-02 -8.64135864e-02  9.85859678e+02 
-8.62137862e-02  6.02334652e-04 -8.62137862e-02 -8.62137862e-02 -8.62137862e-02  9.84536325e+02 
-8.60139860e-02  6.02131577e-04 -8.60139860e-02 -8.60139860e-02 -8.60139860e-02  9.83211155e+02 
-8.58141858e-02  6.01928228e-04 -8.58141858e-02 -8.58141858e-02 -8.58141858e-02  9.81884166e+02 
-8.56143856e-02  6.01724604e-04 -8.56143856e-02 -8.56143856e-02 -8.56143856e-02  9.80555353e+02 
-8.54145854e-02  6.01520703e-04 -8.54145854e-02 -8.54145854e-02 -8.54145854e-02  9.79224708e+02 
-8.52147852e-02  6.01316525e-04 -8.52147852e-02 -8.52147852e-02 -8.52147852e-02  9.77892230e+02 
-8.50149850e-02  6.01112069e-04 -8.50149850e-02 -8.50149850e-02 -8.50149850e-02  9.76557915e+02 
-8.48151848e-02  6.00907333e-04 -8.48151848e-02 -8.48151848e-02 -8.48151848e-02  9.75221759e+02 
-8.46153846e-02  6.00702316e-04 -8.46153846e-02 -8.46153846e-02 -8.46153846e-02  9.73883753e+02 
-8.44155844e-02  6.00497016e-04 -8.44155844e-02 -8.44155844e-02 -8.44155844e-02  9.72543898e+02 
-8.42157842e-02  6.00291434e-04 -8.42157842e-02 -8.42157842e-02 -8.42157842e-02  9.71202188e+02 
-8.40159840e-02  6.00085567e-04 -8.40159840e-02 -8.40159840e-02 -8.40159840e-02  9.69858619e+02 
-8.38161838e-02  5.99879415e-04 -8.38161838e-02 -8.38161838e-02 -8.38161838e-02  9.68513184e+02 
-8.36163836e-02  5.99672976e-04 -8.36163836e-02 -8.36163836e-02 -8.36163836e-02  9.67165880e+02 
-8.34165834e-02  5.99466248e-04 -8.34165834e-02 -8.34165834e-02 -8.34165834e-02  9.65816703e+02 
-8.32167832e-02  5.99259232e-04 -8.32167832e-02 -8.32167832e-02 -8.32167832e-02  9.64465647e+02 
-8.30169830e-02  5.99051925e-04 -8.30169830e-02 -8.30169830e-02 -8.30169830e-02  9.63112708e+02 
-8.28171828e-02  5.98844327e-04 -8.28171828e-02 -8.28171828e-02 -8.28171828e-02  9.61757882e+02 
-8.26173826e-02  5.98636436e-04 -8.26173826e-02 -8.26173826e-02 -8.26173826e-02  9.60401164e+02 
-8.24175824e-02  5.98428250e-04 -8.24175824e-02 -8.24175824e-02 -8.24175824e-02  9.59042546e+02 
-8.22177822e-02  5.98219770e-04 -8.22177822e-02 -8.22177822e-02 -8.22177822e-02  9.57682027e+02 
-8.20179820e-02  5.98010992e-04 -8.20179820e-02 -8.20179820e-02 -8.20179820e-02  9.56319601e+02 
-8.18181818e-02  5.97801917e-04 -8.18181818e-02 -8.18181818e-02 -8.18181818e-02  9.54955263e+02 
-8.16183816e-02  5.97592543e-04 -8.16183816e-02 -8.16183816e-02 -8.16183816e-02  9.53589006e+02 
-8.14185814e-02  5.97382868e-04 -8.14185814e-02 -8.14185814e-02 -8.14185814e-02  9.52220827e+02 
-8.12187812e-02  5.97172892e-04 -8.12187812e-02 -8.12187812e-02 -8.12187812e-02  9.50850721e+02 
-8.10189810e-02  5.96962613e-04 -8.10189810e-02 -8.10189810e-02 -8.10189810e-02  9.49478682e+02 
-8.08191808e-02  5.96752029e-04 -8.08191808e-02 -8.08191808e-02 -8.08191808e-02  9.48104704e+02 
-8.06193806e-02  5.96541140e-04 -8.06193806e-02 -8.06193806e-02 -8.06193806e-02  9.46728783e+02 
-8.04195804e-02  5.96329944e-04 -8.04195804e-02 -8.04195804e-02 -8.04195804e-02  9.45350915e+02 
-8.02197802e-02  5.96118439e-04 -8.02197802e-02 -8.02197802e-02 -8.02197802e-02  9.43971091e+02 
-8.00199800e-02  5.95906625e-04 -8.00199800e-02 -8.00199800e-02 -8.00199800e-02  9.42589307e+02 
-7.98201798e-02  5.95694500e-04 -7.98201798e-02 -7.98201798e-02 -7.98201798e-02  9.41205559e+02 
-7.96203796e-02  5.95482063e-04 -7.96203796e-02 -7.96203796e-02 -7.96203796e-02  9.39819841e+02 
-7.94205794e-02  5.95269312e-04 -7.94205794e-02 -7.94205794e-02 -7.94205794e-02  9.38432146e+02 
-7.92207792e-02  5.95056246e-04 -7.92207792e-02 -7.92207792e-02 -7.92207792e-02  9.37042469e+02 
-7.90209790e-02  5.94842863e-04 -7.90209790e-02 -7.90209790e-02 -7.90209790e-02  9.35650805e+02 
-7.88211788e-02  5.94629163e-04 -7.88211788e-02 -7.88211788e-02 -7.88211788e-02  9.34257147e+02 
-7.86213786e-02  5.94415144e-04 -7.86213786e-02 -7.86213786e-02 -7.86213786e-02  9.32861490e+02 
-7.84215784e-02  5.94200803e-04 -7.84215784e-02 -7.84215784e-02 -7.84215784e-02  9.31463829e+02 
-7.82217782e-02  5.93986141e-04 -7.82217782e-02 -7.82217782e-02 -7.82217782e-02  9.30064156e+02 
-7.80219780e-02  5.93771155e-04 -7.80219780e-02 -7.80219780e-02 -7.80219780e-02  9.28662467e+02 
-7.78221778e-02  5.93555844e-04 -7.78221778e-02 -7.78221778e-02 -7.78221778e-02  9.27258754e+02 
-7.76223776e-02  5.93340207e-04 -7.76223776e-02 -7.76223776e-02 -7.76223776e-02  9.25853014e+02 
-7.74225774e-02  5.93124242e-04 -7.74225774e-02 -7.74225774e-02 -7.74225774e-02  9.24445238e+02 
-7.72227772e-02  5.92907947e-04 -7.72227772e-02 -7.72227772e-02 -7.72227772e-02  9.23035420e+02 
-7.70229770e-02  5.92691322e-04 -7.70229770e-02 -7.70229770e-02 -7.70229770e-02  9.21623555e+02 
-7.68231768e-02  5.92474364e-04 -7.68231768e-02 -7.68231768e-02 -7.68231768e-02  9.20209637e+02 
-7.66233766e-02  5.92257073e-04 -7.66233766e-02 -7.66233766e-02 -7.66233766e-02  9.18793658e+02 
-7.64235764e-02  5.92039446e-04 -7.64235764e-02 -7.64235764e-02 -7.64235764e-02  9.17375613e+02 
-7.62237762e-02  5.91821482e-04 -7.62237762e-02 -7.62237762e-02 -7.62237762e-02  9.15955496e+02 
-7.60239760e-02  5.91603180e-04 -7.60239760e-02 -7.60239760e-02 -7.60239760e-02  9.14533297e+02 
-7.58241758e-02  5.91384537e-04 -7.58241758e-02 -7.58241758e-02 -7.58241758e-02  9.13109014e+02 
-7.56243756e-02  5.91165553e-04 -7.56243756e-02 -7.56243756e-02 -7.56243756e-02  9.11682638e+02 
-7.54245754e-02  5.90946226e-04 -7.54245754e-02 -7.54245754e-02 -7.54245754e-02  9.10254161e+02 
-7.52247752e-02  5.90726555e-04 -7.52247752e-02 -7.52247752e-02 -7.52247752e-02  9.08823579e+02 
-7.50249750e-02  5.90506537e-04 -7.50249750e-02 -7.50249750e-02 -7.50249750e-02  9.07390884e+02 
-7.48251748e-02  5.90286171e-04 -7.48251748e-02 -7.48251748e-02 -7.48251748e-02  9.05956069e+02 
-7.46253746e-02  5.90065455e-04 -7.46253746e-02 -7.46253746e-02 -7.46253746e-02  9.04519127e+02 
-7.44255744e-02  5.89844389e-04 -7.44255744e-02 -7.44255744e-02 -7.44255744e-02  9.03080051e+02 
-7.42257742e-02  5.89622969e-04 -7.42257742e-02 -7.42257742e-02 -7.42257742e-02  9.01638834e+02 
-7.40259740e-02  5.89401195e-04 -7.40259740e-02 -7.40259740e-02 -7.40259740e-02  9.00195469e+02 
-7.38261738e-02  5.89179065e-04 -7.38261738e-02 -7.38261738e-02 -7.38261738e-02  8.98749949e+02 
-7.36263736e-02  5.88956577e-04 -7.36263736e-02 -7.36263736e-02 -7.36263736e-02  8.97302267e+02 
-7.34265734e-02  5.88733730e-04 -7.34265734e-02 -7.34265734e-02 -7.34265734e-02  8.95852414e+02 
-7.32267732e-02  5.88510521e-04 -7.32267732e-02 -7.32267732e-02 -7.32267732e-02  8.94400384e+02 
-7.30269730e-02  5.88286949e-04 -7.30269730e-02 -7.30269730e-02 -7.30269730e-02  8.92946169e+02 
-7.28271728e-02  5.88063013e-04 -7.28271728e-02 -7.28271728e-02 -7.28271728e-02  8.91489763e+02 
-7.26273726e-02  5.87838711e-04 -7.26273726e-02 -7.26273726e-02 -7.26273726e-02  8.90031156e+02 
-7.24275724e-02  5.87614040e-04 -7.24275724e-02 -7.24275724e-02 -7.24275724e-02  8.88570341e+02 
-7.22277722e-02  5.87388999e-04 -7.22277722e-02 -7.22277722e-02 -7.22277722e-02  8.87107311e+02 
-7.20279720e-02  5.87163586e-04 -7.20279720e-02 -7.20279720e-02 -7.20279720e-02  8.85642059e+02 
-7.18281718e-02  5.86937800e-04 -7.18281718e-02 -7.18281718e-02 -7.18281718e-02  8.84174576e+02 
-7.16283716e-02  5.86711639e-04 -7.16283716e-02 -7.16283716e-02 -7.16283716e-02  8.82704853e+02 
-7.14285714e-02  5.86485101e-04 -7.14285714e-02 -7.14285714e-02 -7.14285714e-02  8.81232884e+02 
-7.12287712e-02  5.86258183e-04 -7.12287712e-02 -7.12287712e-02 -7.12287712e-02  8.79758659e+02 
-7.10289710e-02  5.86030885e-04 -7.10289710e-02 -7.10289710e-02 -7.10289710e-02  8.78282172e+02 
-7.08291708e-02  5.85803203e-04 -7.08291708e-02 -7.08291708e-02 -7.08291708e-02  8.76803414e+02 
-7.06293706e-02  5.85575138e-04 -7.06293706e-02 -7.06293706e-02 -7.06293706e-02  8.75322376e+02 
-7.04295704e-02  5.85346685e-04 -7.04295704e-02 -7.04295704e-02 -7.04295704e-02  8.73839050e+02 
-7.02297702e-02  5.85117845e-04 -7.02297702e-02 -7.02297702e-02 -7.02297702e-02  8.72353427e+02 
-7.00299700e-02  5.84888614e-04 -7.00299700e-02 -7.00299700e-02 -7.00299700e-02  8.70865500e+02 
-6.98301698e-02  5.84658990e-04 -6.98301698e-02 -6.98301698e-02 -6.98301698e-02  8.69375259e+02 
-6.96303696e-02  5.84428973e-04 -6.96303696e-02 -6.96303696e-02 -6.96303696e-02  8.67882697e+02 
-6.94305694e-02  5.84198559e-04 -6.94305694e-02 -6.94305694e-02 -6.94305694e-02  8.66387802e+02 
-6.92307692e-02  5.83967747e-04 -6.92307692e-02 -6.92307692e-02 -6.92307692e-02  8.64890569e+02 
-6.90309690e-02  5.83736535e-04 -6.90309690e-02 -6.90309690e-02 -6.90309690e-02  8.63390986e+02 
-6.88311688e-02  5.83504920e-04 -6.88311688e-02 -6.88311688e-02 -6.88311688e-02  8.61889046e+02 
-6.86313686e-02  5.83272902e-04 -6.86313686e-02 -6.86313686e-02 -6.86313686e-02  8.60384740e+02 
-6.84315684e-02  5.83040477e-04 -6.84315684e-02 -6.84315684e-02 -6.84315684e-02  8.58878057e+02 
-6.82317682e-02  5.82807643e-04 -6.82317682e-02 -6.82317682e-02 -6.82317682e-02  8.57368990e+02 
-6.80319680e-02  5.82574399e-04 -6.80319680e-02 -6.80319680e-02 -6.80319680e-02  8.55857528e+02 
-6.78321678e-02  5.82340742e-04 -6.78321678e-02 -6.78321678e-02 -6.78321678e-02  8.54343662e+02 
-6.76323676e-02  5.82106671e-04 -6.76323676e-02 -6.76323676e-02 -6.76323676e-02  8.52827384e+02 
-6.74325674e-02  5.81872183e-04 -6.74325674e-02 -6.74325674e-02 -6.74325674e-02  8.51308683e+02 
-6.72327672e-02  5.81637276e-04 -6.72327672e-02 -6.72327672e-02 -6.72327672e-02  8.49787549e+02 
-6.70329670e-02  5.81401947e-04 -6.70329670e-02 -6.70329670e-02 -6.70329670e-02  8.48263973e+02 
-6.68331668e-02  5.81166195e-04 -6.68331668e-02 -6.68331668e-02 -6.68331668e-02  8.46737945e+02 
-6.66333666e-02  5.80930018e-04 -6.66333666e-02 -6.66333666e-02 -6.66333666e-02  8.45209457e+02 
-6.64335664e-02  5.80693413e-04 -6.64335664e-02 -6.64335664e-02 -6.64335664e-02  8.43678495e+02 
-6.62337662e-02  5.80456377e-04 -6.62337662e-02 -6.62337662e-02 -6.62337662e-02  8.42145052e+02 
-6.60339660e-02  5.80218910e-04 -6.60339660e-02 -6.60339660e-02 -6.60339660e-02  8.40609118e+02 
-6.58341658e-02  5.79981007e-04 -6.58341658e-02 -6.58341658e-02 -6.58341658e-02  8.39070681e+02 
-6.56343656e-02  5.79742668e-04 -6.56343656e-02 -6.56343656e-02 -6.56343656e-02  8.37529731e+02 
-6.54345654e-02  5.79503890e-04 -6.54345654e-02 -6.54345654e-02 -6.54345654e-02  8.35986259e+02 
-6.52347652e-02  5.79264669e-04 -6.52347652e-02 -6.52347652e-02 -6.52347652e-02  8.34440253e+02 
-6.50349650e-02  5.79025005e-04 -6.50349650e-02 -6.50349650e-02 -6.50349650e-02  8.32891702e+02 
-6.48351648e-02  5.78784895e-04 -6.48351648e-02 -6.48351648e-02 -6.48351648e-02  8.31340597e+02 
-6.46353646e-02  5.78544335e-04 -6.46353646e-02 -6.46353646e-02 -6.46353646e-02  8.29786926e+02 
-6.44355644e-02  5.78303325e-04 -6.44355644e-02 -6.44355644e-02 -6.44355644e-02  8.28230679e+02 
-6.42357642e-02  5.78061860e-04 -6.42357642e-02 -6.42357642e-02 -6.42357642e-02  8.26671844e+02 
-6.40359640e-02  5.77819940e-04 -6.40359640e-02 -6.40359640e-02 -6.40359640e-02  8.25110411e+02 
-6.38361638e-02  5.77577561e-04 -6.38361638e-02 -6.38361638e-02 -6.38361638e-02  8.23546368e+02 
-6.36363636e-02  5.77334721e-04 -6.36363636e-02 -6.36363636e-02 -6.36363636e-02  8.21979703e+02 
-6.34365634e-02  5.77091417e-04 -6.34365634e-02 -6.34365634e-02 -6.34365634e-02  8.20410406e+02 
-6.32367632e-02  5.76847647e-04 -6.32367632e-02 -6.32367632e-02 -6.32367632e-02  8.18838465e+02 
-6.30369630e-02  5.76603408e-04 -6.30369630e-02 -6.30369630e-02 -6.30369630e-02  8.17263868e+02 
-6.28371628e-02  5.76358698e-04 -6.28371628e-02 -6.28371628e-02 -6.28371628e-02  8.15686605e+02 
-6.26373626e-02  5.76113514e-04 -6.26373626e-02 -6.26373626e-02 -6.26373626e-02  8.14106661e+02 
-6.24375624e-02  5.75867853e-04 -6.24375624e-02 -6.24375624e-02 -6.24375624e-02  8.12524026e+02 
-6.22377622e-02  5.75621713e-04 -6.22377622e-02 -6.22377622e-02 -6.22377622e-02  8.10938689e+02 
-6.20379620e-02  5.75375090e-04 -6.20379620e-02 -6.20379620e-02 -6.20379620e-02  8.09350636e+02 
-6.18381618e-02  5.75127983e-04 -6.18381618e-02 -6.18381618e-02 -6.18381618e-02  8.07759855e+02 
-6.16383616e-02  5.74880388e-04 -6.16383616e-02 -6.16383616e-02 -6.16383616e-02  8.06166335e+02 
-6.14385614e-02  5.74632303e-04 -6.14385614e-02 -6.14385614e-02 -6.14385614e-02  8.04570063e+02 
-6.12387612e-02  5.74383725e-04 -6.12387612e-02 -6.12387612e-02 -6.12387612e-02  8.02971025e+02 
-6.10389610e-02  5.74134651e-04 -6.10389610e-02 -6.10389610e-02 -6.10389610e-02  8.01369208e+02 
-6.08391608e-02  5.73885078e-04 -6.08391608e-02 -6.08391608e-02 -6.08391608e-02  7.99764603e+02 
-6.06393606e-02  5.73635003e-04 -6.06393606e-02 -6.06393606e-02 -6.06393606e-02  7.98157194e+02 
-6.04395604e-02  5.73384424e-04 -6.04395604e-02 -6.04395604e-02 -6.04395604e-02  7.96546967e+02 
-6.02397602e-02  5.73133337e-04 -6.02397602e-02 -6.02397602e-02 -6.02397602e-02  7.94933911e+02 
-6.00399600e-02  5.72881740e-04 -6.00399600e-02 -6.00399600e-02 -6.00399600e-02  7.93318014e+02 
-5.98401598e-02  5.72629630e-04 -5.98401598e-02 -5.98401598e-02 -5.98401598e-02  7.91699258e+02 
-5.96403596e-02  5.72377003e-04 -5.96403596e-02 -5.96403596e-02 -5.96403596e-02  7.90077632e+02 
-5.94405594e-02  5.72123856e-04 -5.94405594e-02 -5.94405594e-02 -5.94405594e-02  7.88453124e+02 
-5.92407592e-02  5.71870187e-04 -5.92407592e-02 -5.92407592e-02 -5.92407592e-02  7.86825718e+02 
-5.90409590e-02  5.71615992e-04 -5.90409590e-02 -5.90409590e-02 -5.90409590e-02  7.85195401e+02 
-5.88411588e-02  5.71361269e-04 -5.88411588e-02 -5.88411588e-02 -5.88411588e-02  7.83562157e+02 
-5.86413586e-02  5.71106013e-04 -5.86413586e-02 -5.86413586e-02 -5.86413586e-02  7.81925974e+02 
-5.84415584e-02  5.70850222e-04 -5.84415584e-02 -5.84415584e-02 -5.84415584e-02  7.80286838e+02 
-5.82417582e-02  5.70593893e-04 -5.82417582e-02 -5.82417582e-02 -5.82417582e-02  7.78644734e+02 
-5.80419580e-02  5.70337022e-04 -5.80419580e-02 -5.80419580e-02 -5.80419580e-02  7.76999646e+02 
-5.78421578e-02  5.70079607e-04 -5.78421578e-02 -5.78421578e-02 -5.78421578e-02  7.75351561e+02 
-5.76423576e-02  5.69821643e-04 -5.76423576e-02 -5.76423576e-02 -5.76423576e-02  7.73700463e+02 
-5.74425574e-02  5.69563127e-04 -5.74425574e-02 -5.74425574e-02 -5.74425574e-02  7.72046337e+02 
-5.72427572e-02  5.69304057e-04 -5.72427572e-02 -5.72427572e-02 -5.72427572e-02  7.70389169e+02 
-5.70429570e-02  5.69044428e-04 -5.70429570e-02 -5.70429570e-02 -5.70429570e-02  7.68728943e+02 
-5.68431568e-02  5.68784237e-04 -5.68431568e-02 -5.68431568e-02 -5.68431568e-02  7.67065644e+02 
-5.66433566e-02  5.68523481e-04 -5.66433566e-02 -5.66433566e-02 -5.66433566e-02  7.65399255e+02 
-5.64435564e-02  5.68262156e-04 -5.64435564e-02 -5.64435564e-02 -5.64435564e-02  7.63729762e+02 
-5.62437562e-02  5.68000259e-04 -5.62437562e-02 -5.62437562e-02 -5.62437562e-02  7.62057149e+02 
-5.60439560e-02  5.67737785e-04 -5.60439560e-02 -5.60439560e-02 -5.60439560e-02  7.60381398e+02 
-5.58441558e-02  5.67474733e-04 -5.58441558e-02 -5.58441558e-02 -5.58441558e-02  7.58702495e+02 
-5.56443556e-02  5.67211096e-04 -5.56443556e-02 -5.56443556e-02 -5.56443556e-02  7.57020422e+02 
-5.54445554e-02  5.66946873e-04 -5.54445554e-02 -5.54445554e-02 -5.54445554e-02  7.55335165e+02 
-5.52447552e-02  5.66682059e-04 -5.52447552e-02 -5.52447552e-02 -5.52447552e-02  7.53646705e+02 
-5.50449550e-02  5.66416651e-04 -5.50449550e-02 -5.50449550e-02 -5.50449550e-02  7.51955025e+02 
-5.48451548e-02  5.66150644e-04 -5.48451548e-02 -5.48451548e-02 -5.48451548e-02  7.50260110e+02 
-5.46453546e-02  5.65884035e-04 -5.46453546e-02 -5.46453546e-02 -5.46453546e-02  7.48561942e+02 
-5.44455544e-02  5.65616820e-04 -5.44455544e-02 -5.44455544e-02 -5.44455544e-02  7.46860502e+02 
-5.42457542e-02  5.65348995e-04 -5.42457542e-02 -5.42457542e-02 -5.42457542e-02  7.45155776e+02 
-5.40459540e-02  5.65080555e-04 -5.40459540e-02 -5.40459540e-02 -5.40459540e-02  7.43447743e+02 
-5.38461538e-02  5.64811498e-04 -5.38461538e-02 -5.38461538e-02 -5.38461538e-02  7.41736387e+02 
-5.36463536e-02  5.64541819e-04 -5.36463536e-02 -5.36463536e-02 -5.36463536e-02  7.40021689e+02 
-5.34465534e-02  5.64271514e-04 -5.34465534e-02 -5.34465534e-02 -5.34465534e-02  7.38303631e+02 
-5.32467532e-02  5.64000578e-04 -5.32467532e-02 -5.32467532e-02 -5.32467532e-02  7.36582196e+02 
-5.30469530e-02  5.63729007e-04 -5.30469530e-02 -5.30469530e-02 -5.30469530e-02  7.34857364e+02 
-5.28471528e-02  5.63456798e-04 -5.28471528e-02 -5.28471528e-02 -5.28471528e-02  7.33129116e+02 
-5.26473526e-02  5.63183946e-04 -5.26473526e-02 -5.26473526e-02 -5.26473526e-02  7.31397435e+02 
-5.24475524e-02  5.62910446e-04 -5.24475524e-02 -5.24475524e-02 -5.24475524e-02  7.29662300e+02 
-5.22477522e-02  5.62636295e-04 -5.22477522e-02 -5.22477522e-02 -5.22477522e-02  7.27923693e+02 
-5.20479520e-02  5.62361487e-04 -5.20479520e-02 -5.20479520e-02 -5.20479520e-02  7.26181592e+02 
-5.18481518e-02  5.62086019e-04 -5.18481518e-02 -5.18481518e-02 -5.18481518e-02  7.24435980e+02 
-5.16483516e-02  5.61809885e-04 -5.16483516e-02 -5.16483516e-02 -5.16483516e-02  7.22686837e+02 
-5.14485514e-02  5.61533082e-04 -5.14485514e-02 -5.14485514e-02 -5.14485514e-02  7.20934142e+02 
-5.12487512e-02  5.61255604e-04 -5.12487512e-02 -5.12487512e-02 -5.12487512e-02  7.19177875e+02 
-5.10489510e-02  5.60977447e-04 -5.10489510e-02 -5.10489510e-02 -5.10489510e-02  7.17418015e+02 
-5.08491508e-02  5.60698606e-04 -5.08491508e-02 -5.08491508e-02 -5.08491508e-02  7.15654541e+02 
-5.06493506e-02  5.60419076e-04 -5.06493506e-02 -5.06493506e-02 -5.06493506e-02  7.13887434e+02 
-5.04495504e-02  5.60138853e-04 -5.04495504e-02 -5.04495504e-02 -5.04495504e-02  7.12116671e+02 
-5.02497502e-02  5.59857931e-04 -5.02497502e-02 -5.02497502e-02 -5.02497502e-02  7.10342231e+02 
-5.00499500e-02  5.59576307e-04 -5.00499500e-02 -5.00499500e-02 -5.00499500e-02  7.08564092e+02 
-4.98501499e-02  5.59293973e-04 -4.98501499e-02 -4.98501499e-02 -4.98501499e-02  7.06782233e+02 
-4.96503497e-02  5.59010927e-04 -4.96503497e-02 -4.96503497e-02 -4.96503497e-02  7.04996632e+02 
-4.94505495e-02  5.58727162e-04 -4.94505495e-02 -4.94505495e-02 -4.94505495e-02  7.03207267e+02 
-4.92507493e-02  5.58442673e-04 -4.92507493e-02 -4.92507493e-02 -4.92507493e-02  7.01414114e+02 
-4.90509491e-02  5.58157455e-04 -4.90509491e-02 -4.90509491e-02 -4.90509491e-02  6.99617151e+02 
-4.88511489e-02  5.57871503e-04 -4.88511489e-02 -4.88511489e-02 -4.88511489e-02  6.97816356e+02 
-4.86513487e-02  5.57584811e-04 -4.86513487e-02 -4.86513487e-02 -4.86513487e-02  6.96011704e+02 
-4.84515485e-02  5.57297374e-04 -4.84515485e-02 -4.84515485e-02 -4.84515485e-02  6.94203173e+02 
-4.82517483e-02  5.57009186e-04 -4.82517483e-02 -4.82517483e-02 -4.82517483e-02  6.92390738e+02 
-4.80519481e-02  5.56720242e-04 -4.80519481e-02 -4.80519481e-02 -4.80519481e-02  6.90574375e+02 
-4.78521479e-02  5.56430537e-04 -4.78521479e-02 -4.78521479e-02 -4.78521479e-02  6.88754061e+02 
-4.76523477e-02  5.56140064e-04 -4.76523477e-02 -4.76523477e-02 -4.76523477e-02  6.86929771e+02 
-4.74525475e-02  5.55848817e-04 -4.74525475e-02 -4.74525475e-02 -4.74525475e-02  6.85101479e+02 
-4.72527473e-02  5.55556792e-04 -4.72527473e-02 -4.72527473e-02 -4.72527473e-02  6.83269162e+02 
-4.70529471e-02  5.55263981e-04 -4.70529471e-02 -4.70529471e-02 -4.70529471e-02  6.81432792e+02 
-4.68531469e-02  5.54970380e-04 -4.68531469e-02 -4.68531469e-02 -4.68531469e-02  6.79592346e+02 
-4.66533467e-02  5.54675981e-04 -4.66533467e-02 -4.66533467e-02 -4.66533467e-02  6.77747797e+02 
-4.64535465e-02  5.54380779e-04 -4.64535465e-02 -4.64535465e-02 -4.64535465e-02  6.75899118e+02 
-4.62537463e-02  5.54084768e-04 -4.62537463e-02 -4.62537463e-02 -4.62537463e-02  6.74046283e+02 
-4.60539461e-02  5.53787941e-04 -4.60539461e-02 -4.60539461e-02 -4.60539461e-02  6.72189265e+02 
-4.58541459e-02  5.53490292e-04 -4.58541459e-02 -4.58541459e-02 -4.58541459e-02  6.70328038e+02 
-4.56543457e-02  5.53191815e-04 -4.56543457e-02 -4.56543457e-02 -4.56543457e-02  6.68462574e+02 
-4.54545455e-02  5.52892502e-04 -4.54545455e-02 -4.54545455e-02 -4.54545455e-02  6.66592844e+02 
-4.52547453e-02  5.52592348e-04 -4.52547453e-02 -4.52547453e-02 -4.52547453e-02  6.64718821e+02 
-4.50549451e-02  5.52291345e-04 -4.50549451e-02 -4.50549451e-02 -4.50549451e-02  6.62840477e+02 
-4.48551449e-02  5.51989487e-04 -4.48551449e-02 -4.48551449e-02 -4.48551449e-02  6.60957783e+02 
-4.46553447e-02  5.51686767e-04 -4.46553447e-02 -4.46553447e-02 -4.46553447e-02  6.59070709e+02 
-4.44555445e-02  5.51383178e-04 -4.44555445e-02 -4.44555445e-02 -4.44555445e-02  6.57179227e+02 
-4.42557443e-02  5.51078713e-04 -4.42557443e-02 -4.42557443e-02 -4.42557443e-02  6.55283306e+02 
-4.40559441e-02  5.50773365e-04 -4.40559441e-02 -4.40559441e-02 -4.40559441e-02  6.53382917e+02 
-4.38561439e-02  5.50467126e-04 -4.38561439e-02 -4.38561439e-02 -4.38561439e-02  6.51478029e+02 
-4.36563437e-02  5.50159990e-04 -4.36563437e-02 -4.36563437e-02 -4.36563437e-02  6.49568612e+02 
-4.34565435e-02  5.49851948e-04 -4.34565435e-02 -4.34565435e-02 -4.34565435e-02  6.47654632e+02 
-4.32567433e-02  5.49542994e-04 -4.32567433e-02 -4.32567433e-02 -4.32567433e-02  6.45736061e+02 
-4.30569431e-02  5.49233119e-04 -4.30569431e-02 -4.30569431e-02 -4.30569431e-02  6.43812866e+02 
-4.28571429e-02  5.48922316e-04 -4.28571429e-02 -4.28571429e-02 -4.28571429e-02  6.41885013e+02 
-4.26573427e-02  5.48610577e-04 -4.26573427e-02 -4.26573427e-02 -4.26573427e-02  6.39952470e+02 
-4.24575425e-02  5.48297894e-04 -4.24575425e-02 -4.24575425e-02 -4.24575425e-02  6.38015206e+02 
-4.22577423e-02  5.47984259e-04 -4.22577423e-02 -4.22577423e-02 -4.22577423e-02  6.36073184e+02 
-4.20579421e-02  5.47669664e-04 -4.20579421e-02 -4.20579421e-02 -4.20579421e-02  6.34126373e+02 
-4.18581419e-02  5.47354100e-04 -4.18581419e-02 -4.18581419e-02 -4.18581419e-02  6.32174737e+02 
-4.16583417e-02  5.47037559e-04 -4.16583417e-02 -4.16583417e-02 -4.16583417e-02  6.30218241e+02 
-4.14585415e-02  5.46720033e-04 -4.14585415e-02 -4.14585415e-02 -4.14585415e-02  6.28256851e+02 
-4.12587413e-02  5.46401513e-04 -4.12587413e-02 -4.12587413e-02 -4.12587413e-02  6.26290531e+02 
-4.10589411e-02  5.46081990e-04 -4.10589411e-02 -4.10589411e-02 -4.10589411e-02  6.24319243e+02 
-4.08591409e-02  5.45761455e-04 -4.08591409e-02 -4.08591409e-02 -4.08591409e-02  6.22342953e+02 
-4.06593407e-02  5.45439900e-04 -4.06593407e-02 -4.06593407e-02 -4.06593407e-02  6.20361622e+02 
-4.04595405e-02  5.45117314e-04 -4.04595405e-02 -4.04595405e-02 -4.04595405e-02  6.18375213e+02 
-4.02597403e-02  5.44793689e-04 -4.02597403e-02 -4.02597403e-02 -4.02597403e-02  6.16383688e+02 
-4.00599401e-02  5.44469016e-04 -4.00599401e-02 -4.00599401e-02 -4.00599401e-02  6.14387008e+02 
-3.98601399e-02  5.44143284e-04 -3.98601399e-02 -3.98601399e-02 -3.98601399e-02  6.12385135e+02 
-3.96603397e-02  5.43816485e-04 -3.96603397e-02 -3.96603397e-02 -3.96603397e-02  6.10378028e+02 
-3.94605395e-02  5.43488608e-04 -3.94605395e-02 -3.94605395e-02 -3.94605395e-02  6.08365648e+02 
-3.92607393e-02  5.43159642e-04 -3.92607393e-02 -3.92607393e-02 -3.92607393e-02  6.06347954e+02 
-3.90609391e-02  5.42829579e-04 -3.90609391e-02 -3.90609391e-02 -3.90609391e-02  6.04324904e+02 
-3.88611389e-02  5.42498408e-04 -3.88611389e-02 -3.88611389e-02 -3.88611389e-02  6.02296456e+02 
-3.86613387e-02  5.42166118e-04 -3.86613387e-02 -3.86613387e-02 -3.86613387e-02  6.00262570e+02 
-3.84615385e-02  5.41832699e-04 -3.84615385e-02 -3.84615385e-02 -3.84615385e-02  5.98223200e+02 
-3.82617383e-02  5.41498139e-04 -3.82617383e-02 -3.82617383e-02 -3.82617383e-02  5.96178304e+02 
-3.80619381e-02  5.41162429e-04 -3.80619381e-02 -3.80619381e-02 -3.80619381e-02  5.94127838e+02 
-3.78621379e-02  5.40825556e-04 -3.78621379e-02 -3.78621379e-02 -3.78621379e-02  5.92071757e+02 
-3.76623377e-02  5.40487510e-04 -3.76623377e-02 -3.76623377e-02 -3.76623377e-02  5.90010100e+02 
-3.74625375e-02  5.40148279e-04 -3.74625375e-02 -3.74625375e-02 -3.74625375e-02  5.87942915e+02 
-3.72627373e-02  5.39807851e-04 -3.72627373e-02 -3.72627373e-02 -3.72627373e-02  5.85870071e+02 
-3.70629371e-02  5.39466216e-04 -3.70629371e-02 -3.70629371e-02 -3.70629371e-02  5.83791427e+02 
-3.68631369e-02  5.39123360e-04 -3.68631369e-02 -3.68631369e-02 -3.68631369e-02  5.81706933e+02 
-3.66633367e-02  5.38779271e-04 -3.66633367e-02 -3.66633367e-02 -3.66633367e-02  5.79616540e+02 
-3.64635365e-02  5.38433938e-04 -3.64635365e-02 -3.64635365e-02 -3.64635365e-02  5.77520201e+02 
-3.62637363e-02  5.38087347e-04 -3.62637363e-02 -3.62637363e-02 -3.62637363e-02  5.75417863e+02 
-3.60639361e-02  5.37739485e-04 -3.60639361e-02 -3.60639361e-02 -3.60639361e-02  5.73309476e+02 
-3.58641359e-02  5.37390340e-04 -3.58641359e-02 -3.58641359e-02 -3.58641359e-02  5.71194990e+02 
-3.56643357e-02  5.37039898e-04 -3.56643357e-02 -3.56643357e-02 -3.56643357e-02  5.69074349e+02 
-3.54645355e-02  5.36688146e-04 -3.54645355e-02 -3.54645355e-02 -3.54645355e-02  5.66947503e+02 
-3.52647353e-02  5.36335071e-04 -3.52647353e-02 -3.52647353e-02 -3.52647353e-02  5.64814395e+02 
-3.50649351e-02  5.35980657e-04 -3.50649351e-02 -3.50649351e-02 -3.50649351e-02  5.62674972e+02 
-3.48651349e-02  5.35624891e-04 -3.48651349e-02 -3.48651349e-02 -3.48651349e-02  5.60529177e+02 
-3.46653347e-02  5.35267758e-04 -3.46653347e-02 -3.46653347e-02 -3.46653347e-02  5.58376954e+02 
-3.44655345e-02  5.34909244e-04 -3.44655345e-02 -3.44655345e-02 -3.44655345e-02  5.56218245e+02 
-3.42657343e-02  5.34549335e-04 -3.42657343e-02 -3.42657343e-02 -3.42657343e-02  5.54052992e+02 
-3.40659341e-02  5.34188013e-04 -3.40659341e-02 -3.40659341e-02 -3.40659341e-02  5.51881134e+02 
-3.38661339e-02  5.33825265e-04 -3.38661339e-02 -3.38661339e-02 -3.38661339e-02  5.49702612e+02 
-3.36663337e-02  5.33461074e-04 -3.36663337e-02 -3.36663337e-02 -3.36663337e-02  5.47517365e+02 
-3.34665335e-02  5.33095424e-04 -3.34665335e-02 -3.34665335e-02 -3.34665335e-02  5.45325329e+02 
-3.32667333e-02  5.32728300e-04 -3.32667333e-02 -3.32667333e-02 -3.32667333e-02  5.43126441e+02 
-3.30669331e-02  5.32359683e-04 -3.30669331e-02 -3.30669331e-02 -3.30669331e-02  5.40920637e+02 
-3.28671329e-02  5.31989558e-04 -3.28671329e-02 -3.28671329e-02 -3.28671329e-02  5.38707851e+02 
-3.26673327e-02  5.31617907e-04 -3.26673327e-02 -3.26673327e-02 -3.26673327e-02  5.36488017e+02 
-3.24675325e-02  5.31244713e-04 -3.24675325e-02 -3.24675325e-02 -3.24675325e-02  5.34261066e+02 
-3.22677323e-02  5.30869958e-04 -3.22677323e-02 -3.22677323e-02 -3.22677323e-02  5.32026930e+02 
-3.20679321e-02  5.30493623e-04 -3.20679321e-02 -3.20679321e-02 -3.20679321e-02  5.29785538e+02 
-3.18681319e-02  5.30115690e-04 -3.18681319e-02 -3.18681319e-02 -3.18681319e-02  5.27536819e+02 
-3.16683317e-02  5.29736139e-04 -3.16683317e-02 -3.16683317e-02 -3.16683317e-02  5.25280701e+02 
-3.14685315e-02  5.29354953e-04 -3.14685315e-02 -3.14685315e-02 -3.14685315e-02  5.23017109e+02 
-3.12687313e-02  5.28972110e-04 -3.12687313e-02 -3.12687313e-02 -3.12687313e-02  5.20745968e+02 
-3.10689311e-02  5.28587591e-04 -3.10689311e-02 -3.10689311e-02 -3.10689311e-02  5.18467202e+02 
-3.08691309e-02  5.28201376e-04 -3.08691309e-02 -3.08691309e-02 -3.08691309e-02  5.16180732e+02 
-3.06693307e-02  5.27813443e-04 -3.06693307e-02 -3.06693307e-02 -3.06693307e-02  5.13886480e+02 
-3.04695305e-02  5.27423771e-04 -3.04695305e-02 -3.04695305e-02 -3.04695305e-02  5.11584363e+02 
-3.02697303e-02  5.27032339e-04 -3.02697303e-02 -3.02697303e-02 -3.02697303e-02  5.09274301e+02 
-3.00699301e-02  5.26639125e-04 -3.00699301e-02 -3.00699301e-02 -3.00699301e-02  5.06956208e+02 
-2.98701299e-02  5.26244105e-04 -2.98701299e-02 -2.98701299e-02 -2.98701299e-02  5.04629999e+02 
-2.96703297e-02  5.25847257e-04 -2.96703297e-02 -2.96703297e-02 -2.96703297e-02  5.02295589e+02 
-2.94705295e-02  5.25448557e-04 -2.94705295e-02 -2.94705295e-02 -2.94705295e-02  4.99952886e+02 
-2.92707293e-02  5.25047980e-04 -2.92707293e-02 -2.92707293e-02 -2.92707293e-02  4.97601801e+02 
-2.90709291e-02  5.24645504e-04 -2.90709291e-02 -2.90709291e-02 -2.90709291e-02  4.95242242e+02 
-2.88711289e-02  5.24241102e-04 -2.88711289e-02 -2.88711289e-02 -2.88711289e-02  4.92874135e+02 
-2.86713287e-02  5.23834748e-04 -2.86713287e-02 -2.86713287e-02 -2.86713287e-02  4.90497393e+02 
-2.84715285e-02  5.23426418e-04 -2.84715285e-02 -2.84715285e-02 -2.84715285e-02  4.88111899e+02 
-2.82717283e-02  5.23016083e-04 -2.82717283e-02 -2.82717283e-02 -2.82717283e-02  4.85717541e+02 
-2.80719281e-02  5.22603717e-04 -2.80719281e-02 -2.80719281e-02 -2.80719281e-02  4.83314217e+02 
-2.78721279e-02  5.22189291e-04 -2.78721279e-02 -2.78721279e-02 -2.78721279e-02  4.80901825e+02 
-2.76723277e-02  5.21772777e-04 -2.76723277e-02 -2.76723277e-02 -2.76723277e-02  4.78480256e+02 
-2.74725275e-02  5.21354146e-04 -2.74725275e-02 -2.74725275e-02 -2.74725275e-02  4.76049404e+02 
-2.72727273e-02  5.20933367e-04 -2.72727273e-02 -2.72727273e-02 -2.72727273e-02  4.73609156e+02 
-2.70729271e-02  5.20510411e-04 -2.70729271e-02 -2.70729271e-02 -2.70729271e-02  4.71159401e+02 
-2.68731269e-02  5.20085246e-04 -2.68731269e-02 -2.68731269e-02 -2.68731269e-02  4.68700021e+02 
-2.66733267e-02  5.19657839e-04 -2.66733267e-02 -2.66733267e-02 -2.66733267e-02  4.66230901e+02 
-2.64735265e-02  5.19228159e-04 -2.64735265e-02 -2.64735265e-02 -2.64735265e-02  4.63751918e+02 
-2.62737263e-02  5.18796171e-04 -2.62737263e-02 -2.62737263e-02 -2.62737263e-02  4.61262950e+02 
-2.60739261e-02  5.18361841e-04 -2.60739261e-02 -2.60739261e-02 -2.60739261e-02  4.58763870e+02 
-2.58741259e-02  5.17925134e-04 -2.58741259e-02 -2.58741259e-02 -2.58741259e-02  4.56254549e+02 
-2.56743257e-02  5.17486013e-04 -2.56743257e-02 -2.56743257e-02 -2.56743257e-02  4.53734856e+02 
-2.54745255e-02  5.17044442e-04 -2.54745255e-02 -2.54745255e-02 -2.54745255e-02  4.51204655e+02 
-2.52747253e-02  5.16600383e-04 -2.52747253e-02 -2.52747253e-02 -2.52747253e-02  4.48663809e+02 
-2.50749251e-02  5.16153797e-04 -2.50749251e-02 -2.50749251e-02 -2.50749251e-02  4.46112177e+02 
-2.48751249e-02  5.15704643e-04 -2.48751249e-02 -2.48751249e-02 -2.48751249e-02  4.43549612e+02 
-2.46753247e-02  5.15252882e-04 -2.46753247e-02 -2.46753247e-02 -2.46753247e-02  4.40975969e+02 
-2.44755245e-02  5.14798471e-04 -2.44755245e-02 -2.44755245e-02 -2.44755245e-02  4.38391094e+02 
-2.42757243e-02  5.14341366e-04 -2.42757243e-02 -2.42757243e-02 -2.42757243e-02  4.35794832e+02 
-2.40759241e-02  5.13881525e-04 -2.40759241e-02 -2.40759241e-02 -2.40759241e-02  4.33187024e+02 
-2.38761239e-02  5.13418900e-04 -2.38761239e-02 -2.38761239e-02 -2.38761239e-02  4.30567507e+02 
-2.36763237e-02  5.12953446e-04 -2.36763237e-02 -2.36763237e-02 -2.36763237e-02  4.27936114e+02 
-2.34765235e-02  5.12485115e-04 -2.34765235e-02 -2.34765235e-02 -2.34765235e-02  4.25292672e+02 
-2.32767233e-02  5.12013857e-04 -2.32767233e-02 -2.32767233e-02 -2.32767233e-02  4.22637007e+02 
-2.30769231e-02  5.11539622e-04 -2.30769231e-02 -2.30769231e-02 -2.30769231e-02  4.19968936e+02 
-2.28771229e-02  5.11062357e-04 -2.28771229e-02 -2.28771229e-02 -2.28771229e-02  4.17288276e+02 
-2.26773227e-02  5.10582009e-04 -2.26773227e-02 -2.26773227e-02 -2.26773227e-02  4.14594835e+02 
-2.24775225e-02  5.10098524e-04 -2.24775225e-02 -2.24775225e-02 -2.24775225e-02  4.11888419e+02 
-2.22777223e-02  5.09611843e-04 -2.22777223e-02 -2.22777223e-02 -2.22777223e-02  4.09168826e+02 
-2.20779221e-02  5.09121909e-04 -2.20779221e-02 -2.20779221e-02 -2.20779221e-02  4.06435851e+02 
-2.18781219e-02  5.08628661e-04 -2.18781219e-02 -2.18781219e-02 -2.18781219e-02  4.03689282e+02 
-2.16783217e-02  5.08132037e-04 -2.16783217e-02 -2.16783217e-02 -2.16783217e-02  4.00928901e+02 
-2.14785215e-02  5.07631974e-04 -2.14785215e-02 -2.14785215e-02 -2.14785215e-02  3.98154484e+02 
-2.12787213e-02  5.07128406e-04 -2.12787213e-02 -2.12787213e-02 -2.12787213e-02  3.95365801e+02 
-2.10789211e-02  5.06621264e-04 -2.10789211e-02 -2.10789211e-02 -2.10789211e-02  3.92562614e+02 
-2.08791209e-02  5.06110478e-04 -2.08791209e-02 -2.08791209e-02 -2.08791209e-02  3.89744681e+02 
-2.06793207e-02  5.05595976e-04 -2.06793207e-02 -2.06793207e-02 -2.06793207e-02  3.86911749e+02 
-2.04795205e-02  5.05077683e-04 -2.04795205e-02 -2.04795205e-02 -2.04795205e-02  3.84063561e+02 
-2.02797203e-02  5.04555522e-04 -2.02797203e-02 -2.02797203e-02 -2.02797203e-02  3.81199850e+02 
-2.00799201e-02  5.04029413e-04 -2.00799201e-02 -2.00799201e-02 -2.00799201e-02  3.78320341e+02 
-1.98801199e-02  5.03499274e-04 -1.98801199e-02 -1.98801199e-02 -1.98801199e-02  3.75424752e+02 
-1.96803197e-02  5.02965018e-04 -1.96803197e-02 -1.96803197e-02 -1.96803197e-02  3.72512791e+02 
-1.94805195e-02  5.02426558e-04 -1.94805195e-02 -1.94805195e-02 -1.94805195e-02  3.69584156e+02 
-1.92807193e-02  5.01883802e-04 -1.92807193e-02 -1.92807193e-02 -1.92807193e-02  3.66638538e+02 
-1.90809191e-02  5.01336655e-04 -1.90809191e-02 -1.90809191e-02 -1.90809191e-02  3.63675615e+02 
-1.88811189e-02  5.00785019e-04 -1.88811189e-02 -1.88811189e-02 -1.88811189e-02  3.60695056e+02 
-1.86813187e-02  5.00228793e-04 -1.86813187e-02 -1.86813187e-02 -1.86813187e-02  3.57696519e+02 
-1.84815185e-02  4.99667870e-04 -1.84815185e-02 -1.84815185e-02 -1.84815185e-02  3.54679652e+02 
-1.82817183e-02  4.99102141e-04 -1.82817183e-02 -1.82817183e-02 -1.82817183e-02  3.51644087e+02 
-1.80819181e-02  4.98531492e-04 -1.80819181e-02 -1.80819181e-02 -1.80819181e-02  3.48589448e+02 
-1.78821179e-02  4.97955806e-04 -1.78821179e-02 -1.78821179e-02 -1.78821179e-02  3.45515344e+02 
-1.76823177e-02  4.97374958e-04 -1.76823177e-02 -1.76823177e-02 -1.76823177e-02  3.42421370e+02 
-1.74825175e-02  4.96788821e-04 -1.74825175e-02 -1.74825175e-02 -1.74825175e-02  3.39307106e+02 
-1.72827173e-02  4.96197263e-04 -1.72827173e-02 -1.72827173e-02 -1.72827173e-02  3.36172119e+02 
-1.70829171e-02  4.95600143e-04 -1.70829171e-02 -1.70829171e-02 -1.70829171e-02  3.33015959e+02 
-1.68831169e-02  4.94997319e-04 -1.68831169e-02 -1.68831169e-02 -1.68831169e-02  3.29838160e+02 
-1.66833167e-02  4.94388639e-04 -1.66833167e-02 -1.66833167e-02 -1.66833167e-02  3.26638239e+02 
-1.64835165e-02  4.93773946e-04 -1.64835165e-02 -1.64835165e-02 -1.64835165e-02  3.23415693e+02 
-1.62837163e-02  4.93153076e-04 -1.62837163e-02 -1.62837163e-02 -1.62837163e-02  3.20170002e+02 
-1.60839161e-02  4.92525858e-04 -1.60839161e-02 -1.60839161e-02 -1.60839161e-02  3.16900625e+02 
-1.58841159e-02  4.91892112e-04 -1.58841159e-02 -1.58841159e-02 -1.58841159e-02  3.13607001e+02 
-1.56843157e-02  4.91251650e-04 -1.56843157e-02 -1.56843157e-02 -1.56843157e-02  3.10288545e+02 
-1.54845155e-02  4.90604277e-04 -1.54845155e-02 -1.54845155e-02 -1.54845155e-02  3.06944650e+02 
-1.52847153e-02  4.89949786e-04 -1.52847153e-02 -1.52847153e-02 -1.52847153e-02  3.03574685e+02 
-1.50849151e-02  4.89287960e-04 -1.50849151e-02 -1.50849151e-02 -1.50849151e-02  3.00177991e+02 
-1.48851149e-02  4.88618574e-04 -1.48851149e-02 -1.48851149e-02 -1.48851149e-02  2.96753885e+02 
-1.46853147e-02  4.87941388e-04 -1.46853147e-02 -1.46853147e-02 -1.46853147e-02  2.93301653e+02 
-1.44855145e-02  4.87256153e-04 -1.44855145e-02 -1.44855145e-02 -1.44855145e-02  2.89820552e+02 
-1.42857143e-02  4.86562603e-04 -1.42857143e-02 -1.42857143e-02 -1.42857143e-02  2.86309807e+02 
-1.40859141e-02  4.85860460e-04 -1.40859141e-02 -1.40859141e-02 -1.40859141e-02  2.82768609e+02 
-1.38861139e-02  4.85149432e-04 -1.38861139e-02 -1.38861139e-02 -1.38861139e-02  2.79196113e+02 
-1.36863137e-02  4.84429207e-04 -1.36863137e-02 -1.36863137e-02 -1.36863137e-02  2.75591439e+02 
-1.34865135e-02  4.83699458e-04 -1.34865135e-02 -1.34865135e-02 -1.34865135e-02  2.71953665e+02 
-1.32867133e-02  4.82959838e-04 -1.32867133e-02 -1.32867133e-02 -1.32867133e-02  2.68281829e+02 
-1.30869131e-02  4.82209978e-04 -1.30869131e-02 -1.30869131e-02 -1.30869131e-02  2.64574925e+02 
-1.28871129e-02  4.81449489e-04 -1.28871129e-02 -1.28871129e-02 -1.28871129e-02  2.60831899e+02 
-1.26873127e-02  4.80677955e-04 -1.26873127e-02 -1.26873127e-02 -1.26873127e-02  2.57051648e+02 
-1.24875125e-02  4.79894936e-04 -1.24875125e-02 -1.24875125e-02 -1.24875125e-02  2.53233019e+02 
-1.22877123e-02  4.79099960e-04 -1.22877123e-02 -1.22877123e-02 -1.22877123e-02  2.49374803e+02 
-1.20879121e-02  4.78292527e-04 -1.20879121e-02 -1.20879121e-02 -1.20879121e-02  2.45475731e+02 
-1.18881119e-02  4.77472099e-04 -1.18881119e-02 -1.18881119e-02 -1.18881119e-02  2.41534475e+02 
-1.16883117e-02  4.76638103e-04 -1.16883117e-02 -1.16883117e-02 -1.16883117e-02  2.37549641e+02 
-1.14885115e-02  4.75789923e-04 -1.14885115e-02 -1.14885115e-02 -1.14885115e-02  2.33519766e+02 
-1.12887113e-02  4.74926897e-04 -1.12887113e-02 -1.12887113e-02 -1.12887113e-02  2.29443317e+02 
-1.10889111e-02  4.74048315e-04 -1.10889111e-02 -1.10889111e-02 -1.10889111e-02  2.25318682e+02 
-1.08891109e-02  4.73153407e-04 -1.08891109e-02 -1.08891109e-02 -1.08891109e-02  2.21144169e+02 
-1.06893107e-02  4.72241347e-04 -1.06893107e-02 -1.06893107e-02 -1.06893107e-02  2.16918003e+02 
-1.04895105e-02  4.71311235e-04 -1.04895105e-02 -1.04895105e-02 -1.04895105e-02  2.12638317e+02 
-1.02897103e-02  4.70362097e-04 -1.02897103e-02 -1.02897103e-02 -1.02897103e-02  2.08303154e+02 
-1.00899101e-02  4.69392875e-04 -1.00899101e-02 -1.00899101e-02 -1.00899101e-02  2.03910458e+02 
-9.89010989e-03  4.68402412e-04 -9.89010989e-03 -9.89010989e-03 -9.89010989e-03  1.99458072e+02 
-9.69030969e-03  4.67389444e-04 -9.69030969e-03 -9.69030969e-03 -9.69030969e-03  1.94943732e+02 
-9.49050949e-03  4.66352588e-04 -9.49050949e-03 -9.49050949e-03 -9.49050949e-03  1.90365070e+02 
-9.29070929e-03  4.65290318e-04 -9.29070929e-03 -9.29070929e-03 -9.29070929e-03  1.85719602e+02 
-9.09090909e-03  4.64200955e-04 -9.09090909e-03 -9.09090909e-03 -9.09090909e-03  1.81004735e+02 
-8.89110889e-03  4.63082638e-04 -8.89110889e-03 -8.89110889e-03 -8.89110889e-03  1.76217765e+02 
-8.69130869e-03  4.61933304e-04 -8.69130869e-03 -8.69130869e-03 -8.69130869e-03  1.71355874e+02 
-8.49150849e-03  4.60750647e-04 -8.49150849e-03 -8.49150849e-03 -8.49150849e-03  1.66416146e+02 
-8.29170829e-03  4.59532092e-04 -8.29170829e-03 -8.29170829e-03 -8.29170829e-03  1.61395564e+02 
-8.09190809e-03  4.58274740e-04 -8.09190809e-03 -8.09190809e-03 -8.09190809e-03  1.56291034e+02 
-7.89210789e-03  4.56975321e-04 -7.89210789e-03 -7.89210789e-03 -7.89210789e-03  1.51099403e+02 
-7.69230769e-03  4.55630121e-04 -7.69230769e-03 -7.69230769e-03 -7.69230769e-03  1.45817488e+02 
-7.49250749e-03  4.54234906e-04 -7.49250749e-03 -7.49250749e-03 -7.49250749e-03  1.40442123e+02 
-7.29270729e-03  4.52784818e-04 -7.29270729e-03 -7.29270729e-03 -7.29270729e-03  1.34970218e+02 
-7.09290709e-03  4.51274250e-04 -7.09290709e-03 -7.09290709e-03 -7.09290709e-03  1.29398842e+02 
-6.89310689e-03  4.49696688e-04 -6.89310689e-03 -6.89310689e-03 -6.89310689e-03  1.23725335e+02 
-6.69330669e-03  4.48044512e-04 -6.69330669e-03 -6.69330669e-03 -6.69330669e-03  1.17947463e+02 
-6.49350649e-03  4.46308736e-04 -6.49350649e-03 -6.49350649e-03 -6.49350649e-03  1.12063625e+02 
-6.29370629e-03  4.44478677e-04 -6.29370629e-03 -6.29370629e-03 -6.29370629e-03  1.06073131e+02 
-6.09390609e-03  4.42541520e-04 -6.09390609e-03 -6.09390609e-03 -6.09390609e-03  9.99765805e+01 
-5.89410589e-03  4.40481737e-04 -5.89410589e-03 -5.89410589e-03 -5.89410589e-03  9.37763752e+01 
-5.69430569e-03  4.38280314e-04 -5.69430569e-03 -5.69430569e-03 -5.69430569e-03  8.74774032e+01 
-5.49450549e-03  4.35913696e-04 -5.49450549e-03 -5.49450549e-03 -5.49450549e-03  8.10879685e+01 
-5.29470529e-03  4.33352328e-04 -5.29470529e-03 -5.29470529e-03 -5.29470529e-03  7.46210373e+01 
-5.09490509e-03  4.30558632e-04 -5.09490509e-03 -5.09490509e-03 -5.09490509e-03  6.80959067e+01 
-4.89510490e-03  4.27484128e-04 -4.89510490e-03 -4.89510490e-03 -4.89510490e-03  6.15404113e+01 
-4.69530470e-03  4.24065331e-04 -4.69530470e-03 -4.69530470e-03 -4.69530470e-03  5.49937845e+01 
-4.49550450e-03  4.20217845e-04 -4.49550450e-03 -4.49550450e-03 -4.49550450e-03  4.85102253e+01 
-4.29570430e-03  4.15827884e-04 -4.29570430e-03 -4.29570430e-03 -4.29570430e-03  4.21630138e+01 
-4.09590410e-03  4.10740335e-04 -4.09590410e-03 -4.09590410e-03 -4.09590410e-03  3.60484881e+01 
-3.89610390e-03  4.04742804e-04 -3.89610390e-03 -3.89610390e-03 -3.89610390e-03  3.02880745e+01 
-3.69630370e-03  3.97547010e-04 -3.69630370e-03 -3.69630370e-03 -3.69630370e-03  2.50246418e+01 
-3.49650350e-03  3.88774527e-04 -3.49650350e-03 -3.49650350e-03 -3.49650350e-03  2.04074174e+01 
-3.29670330e-03  3.77965875e-04 -3.29670330e-03 -3.29670330e-03 -3.29670330e-03  1.65608982e+01 
-3.09690310e-03  3.64645377e-04 -3.09690310e-03 -3.09690310e-03 -3.09690310e-03  1.35436234e+01 
-2.89710290e-03  3.48461186e-04 -2.89710290e-03 -2.89710290e-03 -2.89710290e-03  1.13206095e+01 
-2.69730270e-03  3.29346889e-04 -2.69730270e-03 -2.69730270e-03 -2.69730270e-03  9.77523352e+00 
-2.49750250e-03  3.07582326e-04 -2.49750250e-03 -2.49750250e-03 -2.49750250e-03  8.75534110e+00 
-2.29770230e-03  2.83706132e-04 -2.29770230e-03 -2.29770230e-03 -2.29770230e-03  8.11993162e+00 
-2.09790210e-03  2.58370040e-04 -2.09790210e-03 -2.09790210e-03 -2.09790210e-03  7.76243354e+00 
-1.89810190e-03  2.32227378e-04 -1.89810190e-03 -1.89810190e-03 -1.89810190e-03  7.61183133e+00 
-1.69830170e-03  2.05872765e-04 -1.69830170e-03 -1.69830170e-03 -1.69830170e-03  7.62370461e+00 
-1.49850150e-03  1.79811864e-04 -1.49850150e-03 -1.49850150e-03 -1.49850150e-03  7.76856867e+00 
-1.29870130e-03  1.54434667e-04 -1.29870130e-03 -1.29870130e-03 -1.29870130e-03  8.01721069e+00 
-1.09890110e-03  1.29969043e-04 -1.09890110e-03 -1.09890110e-03 -1.09890110e-03  8.32095952e+00 
-8.99100899e-04  1.06411311e-04 -8.99100899e-04 -8.99100899e-04 -8.99100899e-04  8.59890962e+00 
-6.99300699e-04  8.34979880e-05 -6.99300699e-04 -6.99300699e-04 -6.99300699e-04  8.76627930e+00 
-4.99500499e-04  6.08275020e-05 -4.99500499e-04 -4.99500499e-04 -4.99500499e-04  8.79812143e+00 
-2.99700300e-04  3.80791560e-05 -2.99700300e-04 -2.99700300e-04 -2.99700300e-04  8.74615574e+00 
-9.99000999e-05  1.51388118e-05 -9.99000999e-05 -9.99000999e-05 -9.99000999e-05  8.68736899e+00 
 9.99000999e-05 -7.91870601e-06  9.99000999e-05  9.99000999e-05  9.99000999e-05  8.67611375e+00 
 2.99700300e-04 -3.09187217e-05  2.99700300e-04  2.99700300e-04  2.99700300e-04  8.72619457e+00 
 4.99500500e-04 -5.37119090e-05  4.99500500e-04  4.99500500e-04  4.99500500e-04  8.80610909e+00 
 6.99300699e-04 -7.62963561e-05  6.99300699e-04  6.99300699e-04  6.99300699e-04  8.84994315e+00 
 8.99100899e-04 -9.88647866e-05  8.99100899e-04  8.99100899e-04  8.99100899e-04  8.79611872e+00 
 1.09890110e-03 -1.21725529e-04  1.09890110e-03  1.09890110e-03  1.09890110e-03  8.63716571e+00 
 1.29870130e-03 -1.45130010e-04  1.29870130e-03  1.29870130e-03  1.29870130e-03  8.42564537e+00 
 1.49850150e-03 -1.69152211e-04  1.49850150e-03  1.49850150e-03  1.49850150e-03  8.22872096e+00 
 1.69830170e-03 -1.93691676e-04  1.69830170e-03  1.69830170e-03  1.69830170e-03  8.09201378e+00 
 1.89810190e-03 -2.18534282e-04  1.89810190e-03  1.89810190e-03  1.89810190e-03  8.03908655e+00 
 2.09790210e-03 -2.43398866e-04  2.09790210e-03  2.09790210e-03  2.09790210e-03  8.08544219e+00 
 2.29770230e-03 -2.67956489e-04  2.29770230e-03  2.29770230e-03  2.29770230e-03  8.25011953e+00 
 2.49750250e-03 -2.91834576e-04  2.49750250e-03  2.49750250e-03  2.49750250e-03  8.56335703e+00 
 2.69730270e-03 -3.14620478e-04  2.69730270e-03  2.69730270e-03  2.69730270e-03  9.07230612e+00 
 2.89710290e-03 -3.35880753e-04  2.89710290e-03  2.89710290e-03  2.89710290e-03  9.84451200e+00 
 3.09690310e-03 -3.55211662e-04  3.09690310e-03  3.09690310e-03  3.09690310e-03  1.09663550e+01 
 3.29670330e-03 -3.72319515e-04  3.29670330e-03  3.29670330e-03  3.29670330e-03  1.25329192e+01 
 3.49650350e-03 -3.87095727e-04  3.49650350e-03  3.49650350e-03  3.49650350e-03  1.46281358e+01 
 3.69630370e-03 -3.99636762e-04  3.69630370e-03  3.69630370e-03  3.69630370e-03  1.73002849e+01 
 3.89610390e-03 -4.10193635e-04  3.89610390e-03  3.89610390e-03  3.89610390e-03  2.05461148e+01 
 4.09590410e-03 -4.19085714e-04  4.09590410e-03  4.09590410e-03  4.09590410e-03  2.43161977e+01 
 4.29570430e-03 -4.26627142e-04  4.29570430e-03  4.29570430e-03  4.29570430e-03  2.85367613e+01 
 4.49550450e-03 -4.33088718e-04  4.49550450e-03  4.49550450e-03  4.49550450e-03  3.31295905e+01 
 4.69530470e-03 -4.38688879e-04  4.69530470e-03  4.69530470e-03  4.69530470e-03  3.80212722e+01 
 4.89510490e-03 -4.43598635e-04  4.89510490e-03  4.89510490e-03  4.89510490e-03  4.31462199e+01 
 5.09490509e-03 -4.47950418e-04  5.09490509e-03  5.09490509e-03  5.09490509e-03  4.84478240e+01 
 5.29470529e-03 -4.51846692e-04  5.29470529e-03  5.29470529e-03  5.29470529e-03  5.38785508e+01 
 5.49450549e-03 -4.55367106e-04  5.49450549e-03  5.49450549e-03  5.49450549e-03  5.93992358e+01 
 5.69430569e-03 -4.58574058e-04  5.69430569e-03  5.69430569e-03  5.69430569e-03  6.49780036e+01 
 5.89410589e-03 -4.61516885e-04  5.89410589e-03  5.89410589e-03  5.89410589e-03  7.05891208e+01 
 6.09390609e-03 -4.64234992e-04  6.09390609e-03  6.09390609e-03  6.09390609e-03  7.62119306e+01 
 6.29370629e-03 -4.66760164e-04  6.29370629e-03  6.29370629e-03  6.29370629e-03  8.18299265e+01 
 6.49350649e-03 -4.69118296e-04  6.49350649e-03  6.49350649e-03  6.49350649e-03  8.74299746e+01 
 6.69330669e-03 -4.71330684e-04  6.69330669e-03  6.69330669e-03  6.69330669e-03  9.30016746e+01 
 6.89310689e-03 -4.73414997e-04  6.89310689e-03  6.89310689e-03  6.89310689e-03  9.85368397e+01 
 7.09290709e-03 -4.75386024e-04  7.09290709e-03  7.09290709e-03  7.09290709e-03  1.04029076e+02 
 7.29270729e-03 -4.77256235e-04  7.29270729e-03  7.29270729e-03  7.29270729e-03  1.09473443e+02 
 7.49250749e-03 -4.79036228e-04  7.49250749e-03  7.49250749e-03  7.49250749e-03  1.14866177e+02 
 7.69230769e-03 -4.80735069e-04  7.69230769e-03  7.69230769e-03  7.69230769e-03  1.20204472e+02 
 7.89210789e-03 -4.82360567e-04  7.89210789e-03  7.89210789e-03  7.89210789e-03  1.25486300e+02 
 8.09190809e-03 -4.83919484e-04  8.09190809e-03  8.09190809e-03  8.09190809e-03  1.30710263e+02 
 8.29170829e-03 -4.85417713e-04  8.29170829e-03  8.29170829e-03  8.29170829e-03  1.35875475e+02 
 8.49150849e-03 -4.86860415e-04  8.49150849e-03  8.49150849e-03  8.49150849e-03  1.40981466e+02 
 8.69130869e-03 -4.88252131e-04  8.69130869e-03  8.69130869e-03  8.69130869e-03  1.46028103e+02 
 8.89110889e-03 -4.89596877e-04  8.89110889e-03  8.89110889e-03  8.89110889e-03  1.51015525e+02 
 9.09090909e-03 -4.90898219e-04  9.09090909e-03  9.09090909e-03  9.09090909e-03  1.55944089e+02 
 9.29070929e-03 -4.92159336e-04  9.29070929e-03  9.29070929e-03  9.29070929e-03  1.60814327e+02 
 9.49050949e-03 -4.93383075e-04  9.49050949e-03  9.49050949e-03  9.49050949e-03  1.65626911e+02 
 9.69030969e-03 -4.94571990e-04  9.69030969e-03  9.69030969e-03  9.69030969e-03  1.70382623e+02 
 9.89010989e-03 -4.95728387e-04  9.89010989e-03  9.89010989e-03  9.89010989e-03  1.75082329e+02 
 1.00899101e-02 -4.96854347e-04  1.00899101e-02  1.00899101e-02  1.00899101e-02  1.79726959e+02 
 1.02897103e-02 -4.97951762e-04  1.02897103e-02  1.02897103e-02  1.02897103e-02  1.84317495e+02 
 1.04895105e-02 -4.99022348e-04  1.04895105e-02  1.04895105e-02  1.04895105e-02  1.88854949e+02 
 1.06893107e-02 -5.00067673e-04  1.06893107e-02  1.06893107e-02  1.06893107e-02  1.93340361e+02 
 1.08891109e-02 -5.01089171e-04  1.08891109e-02  1.08891109e-02  1.08891109e-02  1.97774782e+02 
 1.10889111e-02 -5.02088155e-04  1.10889111e-02  1.10889111e-02  1.10889111e-02  2.02159270e+02 
 1.12887113e-02 -5.03065833e-04  1.12887113e-02  1.12887113e-02  1.12887113e-02  2.06494884e+02 
 1.14885115e-02 -5.04023314e-04  1.14885115e-02  1.14885115e-02  1.14885115e-02  2.10782679e+02 
 1.16883117e-02 -5.04961626e-04  1.16883117e-02  1.16883117e-02  1.16883117e-02  2.15023700e+02 
 1.18881119e-02 -5.05881716e-04  1.18881119e-02  1.18881119e-02  1.18881119e-02  2.19218979e+02 
 1.20879121e-02 -5.06784463e-04  1.20879121e-02  1.20879121e-02  1.20879121e-02  2.23369535e+02 
 1.22877123e-02 -5.07670681e-04  1.22877123e-02  1.22877123e-02  1.22877123e-02  2.27476368e+02 
 1.24875125e-02 -5.08541130e-04  1.24875125e-02  1.24875125e-02  1.24875125e-02  2.31540461e+02 
 1.26873127e-02 -5.09396515e-04  1.26873127e-02  1.26873127e-02  1.26873127e-02  2.35562776e+02 
 1.28871129e-02 -5.10237495e-04  1.28871129e-02  1.28871129e-02  1.28871129e-02  2.39544257e+02 
 1.30869131e-02 -5.11064685e-04  1.30869131e-02  1.30869131e-02  1.30869131e-02  2.43485822e+02 
 1.32867133e-02 -5.11878660e-04  1.32867133e-02  1.32867133e-02  1.32867133e-02  2.47388371e+02 
 1.34865135e-02 -5.12679960e-04  1.34865135e-02  1.34865135e-02  1.34865135e-02  2.51252781e+02 
 1.36863137e-02 -5.13469092e-04  1.36863137e-02  1.36863137e-02  1.36863137e-02  2.55079905e+02 
 1.38861139e-02 -5.14246530e-04  1.38861139e-02  1.38861139e-02  1.38861139e-02  2.58870577e+02 
 1.40859141e-02 -5.15012722e-04  1.40859141e-02  1.40859141e-02  1.40859141e-02  2.62625608e+02 
 1.42857143e-02 -5.15768089e-04  1.42857143e-02  1.42857143e-02  1.42857143e-02  2.66345786e+02 
 1.44855145e-02 -5.16513029e-04  1.44855145e-02  1.44855145e-02  1.44855145e-02  2.70031879e+02 
 1.46853147e-02 -5.17247916e-04  1.46853147e-02  1.46853147e-02  1.46853147e-02  2.73684633e+02 
 1.48851149e-02 -5.17973105e-04  1.48851149e-02  1.48851149e-02  1.48851149e-02  2.77304775e+02 
 1.50849151e-02 -5.18688931e-04  1.50849151e-02  1.50849151e-02  1.50849151e-02  2.80893010e+02 
 1.52847153e-02 -5.19395712e-04  1.52847153e-02  1.52847153e-02  1.52847153e-02  2.84450025e+02 
 1.54845155e-02 -5.20093749e-04  1.54845155e-02  1.54845155e-02  1.54845155e-02  2.87976486e+02 
 1.56843157e-02 -5.20783327e-04  1.56843157e-02  1.56843157e-02  1.56843157e-02  2.91473042e+02 
 1.58841159e-02 -5.21464717e-04  1.58841159e-02  1.58841159e-02  1.58841159e-02  2.94940322e+02 
 1.60839161e-02 -5.22138178e-04  1.60839161e-02  1.60839161e-02  1.60839161e-02  2.98378938e+02 
 1.62837163e-02 -5.22803955e-04  1.62837163e-02  1.62837163e-02  1.62837163e-02  3.01789487e+02 
 1.64835165e-02 -5.23462281e-04  1.64835165e-02  1.64835165e-02  1.64835165e-02  3.05172544e+02 
 1.66833167e-02 -5.24113380e-04  1.66833167e-02  1.66833167e-02  1.66833167e-02  3.08528674e+02 
 1.68831169e-02 -5.24757462e-04  1.68831169e-02  1.68831169e-02  1.68831169e-02  3.11858421e+02 
 1.70829171e-02 -5.25394732e-04  1.70829171e-02  1.70829171e-02  1.70829171e-02  3.15162317e+02 
 1.72827173e-02 -5.26025382e-04  1.72827173e-02  1.72827173e-02  1.72827173e-02  3.18440877e+02 
 1.74825175e-02 -5.26649597e-04  1.74825175e-02  1.74825175e-02  1.74825175e-02  3.21694604e+02 
 1.76823177e-02 -5.27267555e-04  1.76823177e-02  1.76823177e-02  1.76823177e-02  3.24923985e+02 
 1.78821179e-02 -5.27879424e-04  1.78821179e-02  1.78821179e-02  1.78821179e-02  3.28129494e+02 
 1.80819181e-02 -5.28485368e-04  1.80819181e-02  1.80819181e-02  1.80819181e-02  3.31311593e+02 
 1.82817183e-02 -5.29085541e-04  1.82817183e-02  1.82817183e-02  1.82817183e-02  3.34470730e+02 
 1.84815185e-02 -5.29680092e-04  1.84815185e-02  1.84815185e-02  1.84815185e-02  3.37607342e+02 
 1.86813187e-02 -5.30269166e-04  1.86813187e-02  1.86813187e-02  1.86813187e-02  3.40721853e+02 
 1.88811189e-02 -5.30852898e-04  1.88811189e-02  1.88811189e-02  1.88811189e-02  3.43814676e+02 
 1.90809191e-02 -5.31431421e-04  1.90809191e-02  1.90809191e-02  1.90809191e-02  3.46886242e+02 
 1.92807193e-02 -5.32004862e-04  1.92807193e-02  1.92807193e-02  1.92807193e-02  3.49937037e+02 
 1.94805195e-02 -5.32573342e-04  1.94805195e-02  1.94805195e-02  1.94805195e-02  3.52967427e+02 
 1.96803197e-02 -5.33136978e-04  1.96803197e-02  1.96803197e-02  1.96803197e-02  3.55977687e+02 
 1.98801199e-02 -5.33695885e-04  1.98801199e-02  1.98801199e-02  1.98801199e-02  3.58968172e+02 
 2.00799201e-02 -5.34250170e-04  2.00799201e-02  2.00799201e-02  2.00799201e-02  3.61939404e+02 
 2.02797203e-02 -5.34799938e-04  2.02797203e-02  2.02797203e-02  2.02797203e-02  3.64891821e+02 
 2.04795205e-02 -5.35345290e-04  2.04795205e-02  2.04795205e-02  2.04795205e-02  3.67825583e+02 
 2.06793207e-02 -5.35886324e-04  2.06793207e-02  2.06793207e-02  2.06793207e-02  3.70740917e+02 
 2.08791209e-02 -5.36423133e-04  2.08791209e-02  2.08791209e-02  2.08791209e-02  3.73638141e+02 
 2.10789211e-02 -5.36955809e-04  2.10789211e-02  2.10789211e-02  2.10789211e-02  3.76517564e+02 
 2.12787213e-02 -5.37484439e-04  2.12787213e-02  2.12787213e-02  2.12787213e-02  3.79379488e+02 
 2.14785215e-02 -5.38009109e-04  2.14785215e-02  2.14785215e-02  2.14785215e-02  3.82224205e+02 
 2.16783217e-02 -5.38529900e-04  2.16783217e-02  2.16783217e-02  2.16783217e-02  3.85052003e+02 
 2.18781219e-02 -5.39046892e-04  2.18781219e-02  2.18781219e-02  2.18781219e-02  3.87863160e+02 
 2.20779221e-02 -5.39560161e-04  2.20779221e-02  2.20779221e-02  2.20779221e-02  3.90657949e+02 
 2.22777223e-02 -5.40069783e-04  2.22777223e-02  2.22777223e-02  2.22777223e-02  3.93436636e+02 
 2.24775225e-02 -5.40575828e-04  2.24775225e-02  2.24775225e-02  2.24775225e-02  3.96199480e+02 
 2.26773227e-02 -5.41078366e-04  2.26773227e-02  2.26773227e-02  2.26773227e-02  3.98946735e+02 
 2.28771229e-02 -5.41577466e-04  2.28771229e-02  2.28771229e-02  2.28771229e-02  4.01678648e+02 
 2.30769231e-02 -5.42073193e-04  2.30769231e-02  2.30769231e-02  2.30769231e-02  4.04395460e+02 
 2.32767233e-02 -5.42565609e-04  2.32767233e-02  2.32767233e-02  2.32767233e-02  4.07097407e+02 
 2.34765235e-02 -5.43054777e-04  2.34765235e-02  2.34765235e-02  2.34765235e-02  4.09784719e+02 
 2.36763237e-02 -5.43540756e-04  2.36763237e-02  2.36763237e-02  2.36763237e-02  4.12457620e+02 
 2.38761239e-02 -5.44023605e-04  2.38761239e-02  2.38761239e-02  2.38761239e-02  4.15116330e+02 
 2.40759241e-02 -5.44503379e-04  2.40759241e-02  2.40759241e-02  2.40759241e-02  4.17761065e+02 
 2.42757243e-02 -5.44980133e-04  2.42757243e-02  2.42757243e-02  2.42757243e-02  4.20392033e+02 
 2.44755245e-02 -5.45453921e-04  2.44755245e-02  2.44755245e-02  2.44755245e-02  4.23009440e+02 
 2.46753247e-02 -5.45924794e-04  2.46753247e-02  2.46753247e-02  2.46753247e-02  4.25613485e+02 
 2.48751249e-02 -5.46392802e-04  2.48751249e-02  2.48751249e-02  2.48751249e-02  4.28204365e+02 
 2.50749251e-02 -5.46857994e-04  2.50749251e-02  2.50749251e-02  2.50749251e-02  4.30782272e+02 
 2.52747253e-02 -5.47320418e-04  2.52747253e-02  2.52747253e-02  2.52747253e-02  4.33347392e+02 
 2.54745255e-02 -5.47780119e-04  2.54745255e-02  2.54745255e-02  2.54745255e-02  4.35899909e+02 
 2.56743257e-02 -5.48237143e-04  2.56743257e-02  2.56743257e-02  2.56743257e-02  4.38440002e+02 
 2.58741259e-02 -5.48691533e-04  2.58741259e-02  2.58741259e-02  2.58741259e-02  4.40967846e+02 
 2.60739261e-02 -5.49143332e-04  2.60739261e-02  2.60739261e-02  2.60739261e-02  4.43483614e+02 
 2.62737263e-02 -5.49592582e-04  2.62737263e-02  2.62737263e-02  2.62737263e-02  4.45987472e+02 
 2.64735265e-02 -5.50039322e-04  2.64735265e-02  2.64735265e-02  2.64735265e-02  4.48479586e+02 
 2.66733267e-02 -5.50483593e-04  2.66733267e-02  2.66733267e-02  2.66733267e-02  4.50960117e+02 
 2.68731269e-02 -5.50925433e-04  2.68731269e-02  2.68731269e-02  2.68731269e-02  4.53429221e+02 
 2.70729271e-02 -5.51364878e-04  2.70729271e-02  2.70729271e-02  2.70729271e-02  4.55887053e+02 
 2.72727273e-02 -5.51801966e-04  2.72727273e-02  2.72727273e-02  2.72727273e-02  4.58333765e+02 
 2.74725275e-02 -5.52236733e-04  2.74725275e-02  2.74725275e-02  2.74725275e-02  4.60769504e+02 
 2.76723277e-02 -5.52669212e-04  2.76723277e-02  2.76723277e-02  2.76723277e-02  4.63194416e+02 
 2.78721279e-02 -5.53099438e-04  2.78721279e-02  2.78721279e-02  2.78721279e-02  4.65608642e+02 
 2.80719281e-02 -5.53527445e-04  2.80719281e-02  2.80719281e-02  2.80719281e-02  4.68012322e+02 
 2.82717283e-02 -5.53953263e-04  2.82717283e-02  2.82717283e-02  2.82717283e-02  4.70405591e+02 
 2.84715285e-02 -5.54376925e-04  2.84715285e-02  2.84715285e-02  2.84715285e-02  4.72788586e+02 
 2.86713287e-02 -5.54798462e-04  2.86713287e-02  2.86713287e-02  2.86713287e-02  4.75161435e+02 
 2.88711289e-02 -5.55217903e-04  2.88711289e-02  2.88711289e-02  2.88711289e-02  4.77524267e+02 
 2.90709291e-02 -5.55635279e-04  2.90709291e-02  2.90709291e-02  2.90709291e-02  4.79877209e+02 
 2.92707293e-02 -5.56050617e-04  2.92707293e-02  2.92707293e-02  2.92707293e-02  4.82220385e+02 
 2.94705295e-02 -5.56463946e-04  2.94705295e-02  2.94705295e-02  2.94705295e-02  4.84553914e+02 
 2.96703297e-02 -5.56875294e-04  2.96703297e-02  2.96703297e-02  2.96703297e-02  4.86877918e+02 
 2.98701299e-02 -5.57284687e-04  2.98701299e-02  2.98701299e-02  2.98701299e-02  4.89192511e+02 
 3.00699301e-02 -5.57692151e-04  3.00699301e-02  3.00699301e-02  3.00699301e-02  4.91497808e+02 
 3.02697303e-02 -5.58097713e-04  3.02697303e-02  3.02697303e-02  3.02697303e-02  4.93793922e+02 
 3.04695305e-02 -5.58501396e-04  3.04695305e-02  3.04695305e-02  3.04695305e-02  4.96080963e+02 
 3.06693307e-02 -5.58903227e-04  3.06693307e-02  3.06693307e-02  3.06693307e-02  4.98359039e+02 
 3.08691309e-02 -5.59303229e-04  3.08691309e-02  3.08691309e-02  3.08691309e-02  5.00628257e+02 
 3.10689311e-02 -5.59701425e-04  3.10689311e-02  3.10689311e-02  3.10689311e-02  5.02888719e+02 
 3.12687313e-02 -5.60097839e-04  3.12687313e-02  3.12687313e-02  3.12687313e-02  5.05140530e+02 
 3.14685315e-02 -5.60492493e-04  3.14685315e-02  3.14685315e-02  3.14685315e-02  5.07383789e+02 
 3.16683317e-02 -5.60885409e-04  3.16683317e-02  3.16683317e-02  3.16683317e-02  5.09618595e+02 
 3.18681319e-02 -5.61276609e-04  3.18681319e-02  3.18681319e-02  3.18681319e-02  5.11845044e+02 
 3.20679321e-02 -5.61666115e-04  3.20679321e-02  3.20679321e-02  3.20679321e-02  5.14063233e+02 
 3.22677323e-02 -5.62053946e-04  3.22677323e-02  3.22677323e-02  3.22677323e-02  5.16273254e+02 
 3.24675325e-02 -5.62440124e-04  3.24675325e-02  3.24675325e-02  3.24675325e-02  5.18475200e+02 
 3.26673327e-02 -5.62824669e-04  3.26673327e-02  3.26673327e-02  3.26673327e-02  5.20669160e+02 
 3.28671329e-02 -5.63207599e-04  3.28671329e-02  3.28671329e-02  3.28671329e-02  5.22855224e+02 
 3.30669331e-02 -5.63588935e-04  3.30669331e-02  3.30669331e-02  3.30669331e-02  5.25033478e+02 
 3.32667333e-02 -5.63968694e-04  3.32667333e-02  3.32667333e-02  3.32667333e-02  5.27204009e+02 
 3.34665335e-02 -5.64346896e-04  3.34665335e-02  3.34665335e-02  3.34665335e-02  5.29366899e+02 
 3.36663337e-02 -5.64723559e-04  3.36663337e-02  3.36663337e-02  3.36663337e-02  5.31522221e+02 
 3.38661339e-02 -5.65098700e-04  3.38661339e-02  3.38661339e-02  3.38661339e-02  5.33669930e+02 
 3.40659341e-02 -5.65472337e-04  3.40659341e-02  3.40659341e-02  3.40659341e-02  5.35810085e+02 
 3.42657343e-02 -5.65844487e-04  3.42657343e-02  3.42657343e-02  3.42657343e-02  5.37942892e+02 
 3.44655345e-02 -5.66215168e-04  3.44655345e-02  3.44655345e-02  3.44655345e-02  5.40068458e+02 
 3.46653347e-02 -5.66584394e-04  3.46653347e-02  3.46653347e-02  3.46653347e-02  5.42186861e+02 
 3.48651349e-02 -5.66952184e-04  3.48651349e-02  3.48651349e-02  3.48651349e-02  5.44298175e+02 
 3.50649351e-02 -5.67318551e-04  3.50649351e-02  3.50649351e-02  3.50649351e-02  5.46402474e+02 
 3.52647353e-02 -5.67683513e-04  3.52647353e-02  3.52647353e-02  3.52647353e-02  5.48499830e+02 
 3.54645355e-02 -5.68047085e-04  3.54645355e-02  3.54645355e-02  3.54645355e-02  5.50590315e+02 
 3.56643357e-02 -5.68409281e-04  3.56643357e-02  3.56643357e-02  3.56643357e-02  5.52673998e+02 
 3.58641359e-02 -5.68770116e-04  3.58641359e-02  3.58641359e-02  3.58641359e-02  5.54750949e+02 
 3.60639361e-02 -5.69129605e-04  3.60639361e-02  3.60639361e-02  3.60639361e-02  5.56821236e+02 
 3.62637363e-02 -5.69487761e-04  3.62637363e-02  3.62637363e-02  3.62637363e-02  5.58884926e+02 
 3.64635365e-02 -5.69844600e-04  3.64635365e-02  3.64635365e-02  3.64635365e-02  5.60942083e+02 
 3.66633367e-02 -5.70200135e-04  3.66633367e-02  3.66633367e-02  3.66633367e-02  5.62992774e+02 
 3.68631369e-02 -5.70554379e-04  3.68631369e-02  3.68631369e-02  3.68631369e-02  5.65037061e+02 
 3.70629371e-02 -5.70907346e-04  3.70629371e-02  3.70629371e-02  3.70629371e-02  5.67075009e+02 
 3.72627373e-02 -5.71259049e-04  3.72627373e-02  3.72627373e-02  3.72627373e-02  5.69106678e+02 
 3.74625375e-02 -5.71609500e-04  3.74625375e-02  3.74625375e-02  3.74625375e-02  5.71132129e+02 
 3.76623377e-02 -5.71958712e-04  3.76623377e-02  3.76623377e-02  3.76623377e-02  5.73151423e+02 
 3.78621379e-02 -5.72306699e-04  3.78621379e-02  3.78621379e-02  3.78621379e-02  5.75164618e+02 
 3.80619381e-02 -5.72653471e-04  3.80619381e-02  3.80619381e-02  3.80619381e-02  5.77171772e+02 
 3.82617383e-02 -5.72999041e-04  3.82617383e-02  3.82617383e-02  3.82617383e-02  5.79172944e+02 
 3.84615385e-02 -5.73343421e-04  3.84615385e-02  3.84615385e-02  3.84615385e-02  5.81168189e+02 
 3.86613387e-02 -5.73686622e-04  3.86613387e-02  3.86613387e-02  3.86613387e-02  5.83157563e+02 
 3.88611389e-02 -5.74028656e-04  3.88611389e-02  3.88611389e-02  3.88611389e-02  5.85141121e+02 
 3.90609391e-02 -5.74369535e-04  3.90609391e-02  3.90609391e-02  3.90609391e-02  5.87118916e+02 
 3.92607393e-02 -5.74709269e-04  3.92607393e-02  3.92607393e-02  3.92607393e-02  5.89091003e+02 
 3.94605395e-02 -5.75047869e-04  3.94605395e-02  3.94605395e-02  3.94605395e-02  5.91057433e+02 
 3.96603397e-02 -5.75385346e-04  3.96603397e-02  3.96603397e-02  3.96603397e-02  5.93018258e+02 
 3.98601399e-02 -5.75721711e-04  3.98601399e-02  3.98601399e-02  3.98601399e-02  5.94973529e+02 
 4.00599401e-02 -5.76056973e-04  4.00599401e-02  4.00599401e-02  4.00599401e-02  5.96923296e+02 
 4.02597403e-02 -5.76391144e-04  4.02597403e-02  4.02597403e-02  4.02597403e-02  5.98867609e+02 
 4.04595405e-02 -5.76724233e-04  4.04595405e-02  4.04595405e-02  4.04595405e-02  6.00806516e+02 
 4.06593407e-02 -5.77056251e-04  4.06593407e-02  4.06593407e-02  4.06593407e-02  6.02740066e+02 
 4.08591409e-02 -5.77387206e-04  4.08591409e-02  4.08591409e-02  4.08591409e-02  6.04668306e+02 
 4.10589411e-02 -5.77717109e-04  4.10589411e-02  4.10589411e-02  4.10589411e-02  6.06591283e+02 
 4.12587413e-02 -5.78045970e-04  4.12587413e-02  4.12587413e-02  4.12587413e-02  6.08509043e+02 
 4.14585415e-02 -5.78373797e-04  4.14585415e-02  4.14585415e-02  4.14585415e-02  6.10421631e+02 
 4.16583417e-02 -5.78700600e-04  4.16583417e-02  4.16583417e-02  4.16583417e-02  6.12329092e+02 
 4.18581419e-02 -5.79026388e-04  4.18581419e-02  4.18581419e-02  4.18581419e-02  6.14231471e+02 
 4.20579421e-02 -5.79351170e-04  4.20579421e-02  4.20579421e-02  4.20579421e-02  6.16128811e+02 
 4.22577423e-02 -5.79674954e-04  4.22577423e-02  4.22577423e-02  4.22577423e-02  6.18021155e+02 
 4.24575425e-02 -5.79997750e-04  4.24575425e-02  4.24575425e-02  4.24575425e-02  6.19908545e+02 
 4.26573427e-02 -5.80319566e-04  4.26573427e-02  4.26573427e-02  4.26573427e-02  6.21791025e+02 
 4.28571429e-02 -5.80640411e-04  4.28571429e-02  4.28571429e-02  4.28571429e-02  6.23668634e+02 
 4.30569431e-02 -5.80960292e-04  4.30569431e-02  4.30569431e-02  4.30569431e-02  6.25541413e+02 
 4.32567433e-02 -5.81279218e-04  4.32567433e-02  4.32567433e-02  4.32567433e-02  6.27409404e+02 
 4.34565435e-02 -5.81597197e-04  4.34565435e-02  4.34565435e-02  4.34565435e-02  6.29272645e+02 
 4.36563437e-02 -5.81914237e-04  4.36563437e-02  4.36563437e-02  4.36563437e-02  6.31131175e+02 
 4.38561439e-02 -5.82230347e-04  4.38561439e-02  4.38561439e-02  4.38561439e-02  6.32985035e+02 
 4.40559441e-02 -5.82545533e-04  4.40559441e-02  4.40559441e-02  4.40559441e-02  6.34834261e+02 
 4.42557443e-02 -5.82859803e-04  4.42557443e-02  4.42557443e-02  4.42557443e-02  6.36678891e+02 
 4.44555445e-02 -5.83173165e-04  4.44555445e-02  4.44555445e-02  4.44555445e-02  6.38518963e+02 
 4.46553447e-02 -5.83485627e-04  4.46553447e-02  4.46553447e-02  4.46553447e-02  6.40354513e+02 
 4.48551449e-02 -5.83797195e-04  4.48551449e-02  4.48551449e-02  4.48551449e-02  6.42185576e+02 
 4.50549451e-02 -5.84107877e-04  4.50549451e-02  4.50549451e-02  4.50549451e-02  6.44012191e+02 
 4.52547453e-02 -5.84417681e-04  4.52547453e-02  4.52547453e-02  4.52547453e-02  6.45834392e+02 
 4.54545455e-02 -5.84726612e-04  4.54545455e-02  4.54545455e-02  4.54545455e-02  6.47652211e+02 
 4.56543457e-02 -5.85034679e-04  4.56543457e-02  4.56543457e-02  4.56543457e-02  6.49465687e+02 
 4.58541459e-02 -5.85341888e-04  4.58541459e-02  4.58541459e-02  4.58541459e-02  6.51274851e+02 
 4.60539461e-02 -5.85648246e-04  4.60539461e-02  4.60539461e-02  4.60539461e-02  6.53079737e+02 
 4.62537463e-02 -5.85953759e-04  4.62537463e-02  4.62537463e-02  4.62537463e-02  6.54880379e+02 
 4.64535465e-02 -5.86258434e-04  4.64535465e-02  4.64535465e-02  4.64535465e-02  6.56676810e+02 
 4.66533467e-02 -5.86562278e-04  4.66533467e-02  4.66533467e-02  4.66533467e-02  6.58469061e+02 
 4.68531469e-02 -5.86865297e-04  4.68531469e-02  4.68531469e-02  4.68531469e-02  6.60257164e+02 
 4.70529471e-02 -5.87167497e-04  4.70529471e-02  4.70529471e-02  4.70529471e-02  6.62041152e+02 
 4.72527473e-02 -5.87468885e-04  4.72527473e-02  4.72527473e-02  4.72527473e-02  6.63821055e+02 
 4.74525475e-02 -5.87769467e-04  4.74525475e-02  4.74525475e-02  4.74525475e-02  6.65596905e+02 
 4.76523477e-02 -5.88069249e-04  4.76523477e-02  4.76523477e-02  4.76523477e-02  6.67368731e+02 
 4.78521479e-02 -5.88368237e-04  4.78521479e-02  4.78521479e-02  4.78521479e-02  6.69136563e+02 
 4.80519481e-02 -5.88666437e-04  4.80519481e-02  4.80519481e-02  4.80519481e-02  6.70900432e+02 
 4.82517483e-02 -5.88963855e-04  4.82517483e-02  4.82517483e-02  4.82517483e-02  6.72660366e+02 
 4.84515485e-02 -5.89260497e-04  4.84515485e-02  4.84515485e-02  4.84515485e-02  6.74416396e+02 
 4.86513487e-02 -5.89556368e-04  4.86513487e-02  4.86513487e-02  4.86513487e-02  6.76168548e+02 
 4.88511489e-02 -5.89851475e-04  4.88511489e-02  4.88511489e-02  4.88511489e-02  6.77916852e+02 
 4.90509491e-02 -5.90145822e-04  4.90509491e-02  4.90509491e-02  4.90509491e-02  6.79661336e+02 
 4.92507493e-02 -5.90439415e-04  4.92507493e-02  4.92507493e-02  4.92507493e-02  6.81402026e+02 
 4.94505495e-02 -5.90732260e-04  4.94505495e-02  4.94505495e-02  4.94505495e-02  6.83138952e+02 
 4.96503497e-02 -5.91024363e-04  4.96503497e-02  4.96503497e-02  4.96503497e-02  6.84872138e+02 
 4.98501499e-02 -5.91315727e-04  4.98501499e-02  4.98501499e-02  4.98501499e-02  6.86601613e+02 
 5.00499500e-02 -5.91606360e-04  5.00499500e-02  5.00499500e-02  5.00499500e-02  6.88327403e+02 
 5.02497502e-02 -5.91896266e-04  5.02497502e-02  5.02497502e-02  5.02497502e-02  6.90049533e+02 
 5.04495504e-02 -5.92185449e-04  5.04495504e-02  5.04495504e-02  5.04495504e-02  6.91768030e+02 
 5.06493506e-02 -5.92473917e-04  5.06493506e-02  5.06493506e-02  5.06493506e-02  6.93482919e+02 
 5.08491508e-02 -5.92761672e-04  5.08491508e-02  5.08491508e-02  5.08491508e-02  6.95194224e+02 
 5.10489510e-02 -5.93048720e-04  5.10489510e-02  5.10489510e-02  5.10489510e-02  6.96901972e+02 
 5.12487512e-02 -5.93335067e-04  5.12487512e-02  5.12487512e-02  5.12487512e-02  6.98606186e+02 
 5.14485514e-02 -5.93620717e-04  5.14485514e-02  5.14485514e-02  5.14485514e-02  7.00306891e+02 
 5.16483516e-02 -5.93905675e-04  5.16483516e-02  5.16483516e-02  5.16483516e-02  7.02004111e+02 
 5.18481518e-02 -5.94189945e-04  5.18481518e-02  5.18481518e-02  5.18481518e-02  7.03697870e+02 
 5.20479520e-02 -5.94473533e-04  5.20479520e-02  5.20479520e-02  5.20479520e-02  7.05388191e+02 
 5.22477522e-02 -5.94756442e-04  5.22477522e-02  5.22477522e-02  5.22477522e-02  7.07075098e+02 
 5.24475524e-02 -5.95038678e-04  5.24475524e-02  5.24475524e-02  5.24475524e-02  7.08758614e+02 
 5.26473526e-02 -5.95320246e-04  5.26473526e-02  5.26473526e-02  5.26473526e-02  7.10438760e+02 
 5.28471528e-02 -5.95601148e-04  5.28471528e-02  5.28471528e-02  5.28471528e-02  7.12115560e+02 
 5.30469530e-02 -5.95881391e-04  5.30469530e-02  5.30469530e-02  5.30469530e-02  7.13789037e+02 
 5.32467532e-02 -5.96160978e-04  5.32467532e-02  5.32467532e-02  5.32467532e-02  7.15459212e+02 
 5.34465534e-02 -5.96439914e-04  5.34465534e-02  5.34465534e-02  5.34465534e-02  7.17126106e+02 
 5.36463536e-02 -5.96718203e-04  5.36463536e-02  5.36463536e-02  5.36463536e-02  7.18789742e+02 
 5.38461538e-02 -5.96995849e-04  5.38461538e-02  5.38461538e-02  5.38461538e-02  7.20450140e+02 
 5.40459540e-02 -5.97272857e-04  5.40459540e-02  5.40459540e-02  5.40459540e-02  7.22107322e+02 
 5.42457542e-02 -5.97549230e-04  5.42457542e-02  5.42457542e-02  5.42457542e-02  7.23761309e+02 
 5.44455544e-02 -5.97824973e-04  5.44455544e-02  5.44455544e-02  5.44455544e-02  7.25412120e+02 
 5.46453546e-02 -5.98100090e-04  5.46453546e-02  5.46453546e-02  5.46453546e-02  7.27059777e+02 
 5.48451548e-02 -5.98374584e-04  5.48451548e-02  5.48451548e-02  5.48451548e-02  7.28704300e+02 
 5.50449550e-02 -5.98648461e-04  5.50449550e-02  5.50449550e-02  5.50449550e-02  7.30345709e+02 
 5.52447552e-02 -5.98921723e-04  5.52447552e-02  5.52447552e-02  5.52447552e-02  7.31984022e+02 
 5.54445554e-02 -5.99194375e-04  5.54445554e-02  5.54445554e-02  5.54445554e-02  7.33619260e+02 
 5.56443556e-02 -5.99466420e-04  5.56443556e-02  5.56443556e-02  5.56443556e-02  7.35251443e+02 
 5.58441558e-02 -5.99737863e-04  5.58441558e-02  5.58441558e-02  5.58441558e-02  7.36880589e+02 
 5.60439560e-02 -6.00008707e-04  5.60439560e-02  5.60439560e-02  5.60439560e-02  7.38506717e+02 
 5.62437562e-02 -6.00278955e-04  5.62437562e-02  5.62437562e-02  5.62437562e-02  7.40129845e+02 
 5.64435564e-02 -6.00548613e-04  5.64435564e-02  5.64435564e-02  5.64435564e-02  7.41749994e+02 
 5.66433566e-02 -6.00817682e-04  5.66433566e-02  5.66433566e-02  5.66433566e-02  7.43367180e+02 
 5.68431568e-02 -6.01086167e-04  5.68431568e-02  5.68431568e-02  5.68431568e-02  7.44981421e+02 
 5.70429570e-02 -6.01354072e-04  5.70429570e-02  5.70429570e-02  5.70429570e-02  7.46592737e+02 
 5.72427572e-02 -6.01621399e-04  5.72427572e-02  5.72427572e-02  5.72427572e-02  7.48201143e+02 
 5.74425574e-02 -6.01888153e-04  5.74425574e-02  5.74425574e-02  5.74425574e-02  7.49806658e+02 
 5.76423576e-02 -6.02154337e-04  5.76423576e-02  5.76423576e-02  5.76423576e-02  7.51409301e+02 
 5.78421578e-02 -6.02419954e-04  5.78421578e-02  5.78421578e-02  5.78421578e-02  7.53009087e+02 
 5.80419580e-02 -6.02685009e-04  5.80419580e-02  5.80419580e-02  5.80419580e-02  7.54606033e+02 
 5.82417582e-02 -6.02949503e-04  5.82417582e-02  5.82417582e-02  5.82417582e-02  7.56200157e+02 
 5.84415584e-02 -6.03213441e-04  5.84415584e-02  5.84415584e-02  5.84415584e-02  7.57791475e+02 
 5.86413586e-02 -6.03476825e-04  5.86413586e-02  5.86413586e-02  5.86413586e-02  7.59380002e+02 
 5.88411588e-02 -6.03739660e-04  5.88411588e-02  5.88411588e-02  5.88411588e-02  7.60965758e+02 
 5.90409590e-02 -6.04001948e-04  5.90409590e-02  5.90409590e-02  5.90409590e-02  7.62548756e+02 
 5.92407592e-02 -6.04263693e-04  5.92407592e-02  5.92407592e-02  5.92407592e-02  7.64129014e+02 
 5.94405594e-02 -6.04524897e-04  5.94405594e-02  5.94405594e-02  5.94405594e-02  7.65706546e+02 
 5.96403596e-02 -6.04785564e-04  5.96403596e-02  5.96403596e-02  5.96403596e-02  7.67281369e+02 
 5.98401598e-02 -6.05045697e-04  5.98401598e-02  5.98401598e-02  5.98401598e-02  7.68853497e+02 
 6.00399600e-02 -6.05305299e-04  6.00399600e-02  6.00399600e-02  6.00399600e-02  7.70422947e+02 
 6.02397602e-02 -6.05564374e-04  6.02397602e-02  6.02397602e-02  6.02397602e-02  7.71989734e+02 
 6.04395604e-02 -6.05822923e-04  6.04395604e-02  6.04395604e-02  6.04395604e-02  7.73553873e+02 
 6.06393606e-02 -6.06080951e-04  6.06393606e-02  6.06393606e-02  6.06393606e-02  7.75115378e+02 
 6.08391608e-02 -6.06338460e-04  6.08391608e-02  6.08391608e-02  6.08391608e-02  7.76674264e+02 
 6.10389610e-02 -6.06595453e-04  6.10389610e-02  6.10389610e-02  6.10389610e-02  7.78230546e+02 
 6.12387612e-02 -6.06851933e-04  6.12387612e-02  6.12387612e-02  6.12387612e-02  7.79784238e+02 
 6.14385614e-02 -6.07107903e-04  6.14385614e-02  6.14385614e-02  6.14385614e-02  7.81335355e+02 
 6.16383616e-02 -6.07363366e-04  6.16383616e-02  6.16383616e-02  6.16383616e-02  7.82883911e+02 
 6.18381618e-02 -6.07618324e-04  6.18381618e-02  6.18381618e-02  6.18381618e-02  7.84429918e+02 
 6.20379620e-02 -6.07872781e-04  6.20379620e-02  6.20379620e-02  6.20379620e-02  7.85973393e+02 
 6.22377622e-02 -6.08126739e-04  6.22377622e-02  6.22377622e-02  6.22377622e-02  7.87514349e+02 
 6.24375624e-02 -6.08380201e-04  6.24375624e-02  6.24375624e-02  6.24375624e-02  7.89052798e+02 
 6.26373626e-02 -6.08633169e-04  6.26373626e-02  6.26373626e-02  6.26373626e-02  7.90588754e+02 
 6.28371628e-02 -6.08885647e-04  6.28371628e-02  6.28371628e-02  6.28371628e-02  7.92122231e+02 
 6.30369630e-02 -6.09137637e-04  6.30369630e-02  6.30369630e-02  6.30369630e-02  7.93653242e+02 
 6.32367632e-02 -6.09389142e-04  6.32367632e-02  6.32367632e-02  6.32367632e-02  7.95181801e+02 
 6.34365634e-02 -6.09640164e-04  6.34365634e-02  6.34365634e-02  6.34365634e-02  7.96707919e+02 
 6.36363636e-02 -6.09890707e-04  6.36363636e-02  6.36363636e-02  6.36363636e-02  7.98231609e+02 
 6.38361638e-02 -6.10140771e-04  6.38361638e-02  6.38361638e-02  6.38361638e-02  7.99752884e+02 
 6.40359640e-02 -6.10390361e-04  6.40359640e-02  6.40359640e-02  6.40359640e-02  8.01271759e+02 
 6.42357642e-02 -6.10639479e-04  6.42357642e-02  6.42357642e-02  6.42357642e-02  8.02788243e+02 
 6.44355644e-02 -6.10888127e-04  6.44355644e-02  6.44355644e-02  6.44355644e-02  8.04302349e+02 
 6.46353646e-02 -6.11136308e-04  6.46353646e-02  6.46353646e-02  6.46353646e-02  8.05814091e+02 
 6.48351648e-02 -6.11384024e-04  6.48351648e-02  6.48351648e-02  6.48351648e-02  8.07323479e+02 
 6.50349650e-02 -6.11631277e-04  6.50349650e-02  6.50349650e-02  6.50349650e-02  8.08830527e+02 
 6.52347652e-02 -6.11878071e-04  6.52347652e-02  6.52347652e-02  6.52347652e-02  8.10335245e+02 
 6.54345654e-02 -6.12124407e-04  6.54345654e-02  6.54345654e-02  6.54345654e-02  8.11837645e+02 
 6.56343656e-02 -6.12370288e-04  6.56343656e-02  6.56343656e-02  6.56343656e-02  8.13337739e+02 
 6.58341658e-02 -6.12615716e-04  6.58341658e-02  6.58341658e-02  6.58341658e-02  8.14835540e+02 
 6.60339660e-02 -6.12860694e-04  6.60339660e-02  6.60339660e-02  6.60339660e-02  8.16331055e+02 
 6.62337662e-02 -6.13105224e-04  6.62337662e-02  6.62337662e-02  6.62337662e-02  8.17824300e+02 
 6.64335664e-02 -6.13349308e-04  6.64335664e-02  6.64335664e-02  6.64335664e-02  8.19315283e+02 
 6.66333666e-02 -6.13592949e-04  6.66333666e-02  6.66333666e-02  6.66333666e-02  8.20804016e+02 
 6.68331668e-02 -6.13836148e-04  6.68331668e-02  6.68331668e-02  6.68331668e-02  8.22290512e+02 
 6.70329670e-02 -6.14078909e-04  6.70329670e-02  6.70329670e-02  6.70329670e-02  8.23774779e+02 
 6.72327672e-02 -6.14321233e-04  6.72327672e-02  6.72327672e-02  6.72327672e-02  8.25256828e+02 
 6.74325674e-02 -6.14563122e-04  6.74325674e-02  6.74325674e-02  6.74325674e-02  8.26736671e+02 
 6.76323676e-02 -6.14804579e-04  6.76323676e-02  6.76323676e-02  6.76323676e-02  8.28214317e+02 
 6.78321678e-02 -6.15045607e-04  6.78321678e-02  6.78321678e-02  6.78321678e-02  8.29689778e+02 
 6.80319680e-02 -6.15286206e-04  6.80319680e-02  6.80319680e-02  6.80319680e-02  8.31163063e+02 
 6.82317682e-02 -6.15526379e-04  6.82317682e-02  6.82317682e-02  6.82317682e-02  8.32634184e+02 
 6.84315684e-02 -6.15766129e-04  6.84315684e-02  6.84315684e-02  6.84315684e-02  8.34103149e+02 
 6.86313686e-02 -6.16005457e-04  6.86313686e-02  6.86313686e-02  6.86313686e-02  8.35569970e+02 
 6.88311688e-02 -6.16244366e-04  6.88311688e-02  6.88311688e-02  6.88311688e-02  8.37034655e+02 
 6.90309690e-02 -6.16482857e-04  6.90309690e-02  6.90309690e-02  6.90309690e-02  8.38497215e+02 
 6.92307692e-02 -6.16720933e-04  6.92307692e-02  6.92307692e-02  6.92307692e-02  8.39957659e+02 
 6.94305694e-02 -6.16958596e-04  6.94305694e-02  6.94305694e-02  6.94305694e-02  8.41415997e+02 
 6.96303696e-02 -6.17195847e-04  6.96303696e-02  6.96303696e-02  6.96303696e-02  8.42872238e+02 
 6.98301698e-02 -6.17432690e-04  6.98301698e-02  6.98301698e-02  6.98301698e-02  8.44326391e+02 
 7.00299700e-02 -6.17669125e-04  7.00299700e-02  7.00299700e-02  7.00299700e-02  8.45778467e+02 
 7.02297702e-02 -6.17905154e-04  7.02297702e-02  7.02297702e-02  7.02297702e-02  8.47228474e+02 
 7.04295704e-02 -6.18140781e-04  7.04295704e-02  7.04295704e-02  7.04295704e-02  8.48676421e+02 
 7.06293706e-02 -6.18376005e-04  7.06293706e-02  7.06293706e-02  7.06293706e-02  8.50122317e+02 
 7.08291708e-02 -6.18610831e-04  7.08291708e-02  7.08291708e-02  7.08291708e-02  8.51566173e+02 
 7.10289710e-02 -6.18845259e-04  7.10289710e-02  7.10289710e-02  7.10289710e-02  8.53007996e+02 
 7.12287712e-02 -6.19079291e-04  7.12287712e-02  7.12287712e-02  7.12287712e-02  8.54447793e+02 
 7.14285714e-02 -6.19312930e-04  7.14285714e-02  7.14285714e-02  7.14285714e-02  8.55885577e+02 
 7.16283716e-02 -6.19546177e-04  7.16283716e-02  7.16283716e-02  7.16283716e-02  8.57321354e+02 
 7.18281718e-02 -6.19779033e-04  7.18281718e-02  7.18281718e-02  7.18281718e-02  8.58755132e+02 
 7.20279720e-02 -6.20011502e-04  7.20279720e-02  7.20279720e-02  7.20279720e-02  8.60186920e+02 
 7.22277722e-02 -6.20243584e-04  7.22277722e-02  7.22277722e-02  7.22277722e-02  8.61616728e+02 
 7.24275724e-02 -6.20475282e-04  7.24275724e-02  7.24275724e-02  7.24275724e-02  8.63044563e+02 
 7.26273726e-02 -6.20706596e-04  7.26273726e-02  7.26273726e-02  7.26273726e-02  8.64470433e+02 
 7.28271728e-02 -6.20937530e-04  7.28271728e-02  7.28271728e-02  7.28271728e-02  8.65894346e+02 
 7.30269730e-02 -6.21168085e-04  7.30269730e-02  7.30269730e-02  7.30269730e-02  8.67316310e+02 
 7.32267732e-02 -6.21398262e-04  7.32267732e-02  7.32267732e-02  7.32267732e-02  8.68736334e+02 
 7.34265734e-02 -6.21628064e-04  7.34265734e-02  7.34265734e-02  7.34265734e-02  8.70154425e+02 
 7.36263736e-02 -6.21857492e-04  7.36263736e-02  7.36263736e-02  7.36263736e-02  8.71570590e+02 
 7.38261738e-02 -6.22086547e-04  7.38261738e-02  7.38261738e-02  7.38261738e-02  8.72984839e+02 
 7.40259740e-02 -6.22315232e-04  7.40259740e-02  7.40259740e-02  7.40259740e-02  8.74397177e+02 
 7.42257742e-02 -6.22543548e-04  7.42257742e-02  7.42257742e-02  7.42257742e-02  8.75807614e+02 
 7.44255744e-02 -6.22771497e-04  7.44255744e-02  7.44255744e-02  7.44255744e-02  8.77216156e+02 
 7.46253746e-02 -6.22999081e-04  7.46253746e-02  7.46253746e-02  7.46253746e-02  8.78622811e+02 
 7.48251748e-02 -6.23226300e-04  7.48251748e-02  7.48251748e-02  7.48251748e-02  8.80027587e+02 
 7.50249750e-02 -6.23453158e-04  7.50249750e-02  7.50249750e-02  7.50249750e-02  8.81430488e+02 
 7.52247752e-02 -6.23679655e-04  7.52247752e-02  7.52247752e-02  7.52247752e-02  8.82831524e+02 
 7.54245754e-02 -6.23905793e-04  7.54245754e-02  7.54245754e-02  7.54245754e-02  8.84230703e+02 
 7.56243756e-02 -6.24131573e-04  7.56243756e-02  7.56243756e-02  7.56243756e-02  8.85628031e+02 
 7.58241758e-02 -6.24356998e-04  7.58241758e-02  7.58241758e-02  7.58241758e-02  8.87023514e+02 
 7.60239760e-02 -6.24582069e-04  7.60239760e-02  7.60239760e-02  7.60239760e-02  8.88417158e+02 
 7.62237762e-02 -6.24806787e-04  7.62237762e-02  7.62237762e-02  7.62237762e-02  8.89808973e+02 
 7.64235764e-02 -6.25031155e-04  7.64235764e-02  7.64235764e-02  7.64235764e-02  8.91198965e+02 
 7.66233766e-02 -6.25255173e-04  7.66233766e-02  7.66233766e-02  7.66233766e-02  8.92587138e+02 
 7.68231768e-02 -6.25478843e-04  7.68231768e-02  7.68231768e-02  7.68231768e-02  8.93973501e+02 
 7.70229770e-02 -6.25702166e-04  7.70229770e-02  7.70229770e-02  7.70229770e-02  8.95358060e+02 
 7.72227772e-02 -6.25925145e-04  7.72227772e-02  7.72227772e-02  7.72227772e-02  8.96740821e+02 
 7.74225774e-02 -6.26147780e-04  7.74225774e-02  7.74225774e-02  7.74225774e-02  8.98121792e+02 
 7.76223776e-02 -6.26370074e-04  7.76223776e-02  7.76223776e-02  7.76223776e-02  8.99500978e+02 
 7.78221778e-02 -6.26592027e-04  7.78221778e-02  7.78221778e-02  7.78221778e-02  9.00878385e+02 
 7.80219780e-02 -6.26813641e-04  7.80219780e-02  7.80219780e-02  7.80219780e-02  9.02254021e+02 
 7.82217782e-02 -6.27034918e-04  7.82217782e-02  7.82217782e-02  7.82217782e-02  9.03627888e+02 
 7.84215784e-02 -6.27255859e-04  7.84215784e-02  7.84215784e-02  7.84215784e-02  9.04999998e+02 
 7.86213786e-02 -6.27476466e-04  7.86213786e-02  7.86213786e-02  7.86213786e-02  9.06370353e+02 
 7.88211788e-02 -6.27696739e-04  7.88211788e-02  7.88211788e-02  7.88211788e-02  9.07738959e+02 
 7.90209790e-02 -6.27916681e-04  7.90209790e-02  7.90209790e-02  7.90209790e-02  9.09105824e+02 
 7.92207792e-02 -6.28136292e-04  7.92207792e-02  7.92207792e-02  7.92207792e-02  9.10470952e+02 
 7.94205794e-02 -6.28355575e-04  7.94205794e-02  7.94205794e-02  7.94205794e-02  9.11834349e+02 
 7.96203796e-02 -6.28574530e-04  7.96203796e-02  7.96203796e-02  7.96203796e-02  9.13196022e+02 
 7.98201798e-02 -6.28793159e-04  7.98201798e-02  7.98201798e-02  7.98201798e-02  9.14555975e+02 
 8.00199800e-02 -6.29011464e-04  8.00199800e-02  8.00199800e-02  8.00199800e-02  9.15914215e+02 
 8.02197802e-02 -6.29229445e-04  8.02197802e-02  8.02197802e-02  8.02197802e-02  9.17270746e+02 
 8.04195804e-02 -6.29447105e-04  8.04195804e-02  8.04195804e-02  8.04195804e-02  9.18625575e+02 
 8.06193806e-02 -6.29664443e-04  8.06193806e-02  8.06193806e-02  8.06193806e-02  9.19978707e+02 
 8.08191808e-02 -6.29881463e-04  8.08191808e-02  8.08191808e-02  8.08191808e-02  9.21330147e+02 
 8.10189810e-02 -6.30098165e-04  8.10189810e-02  8.10189810e-02  8.10189810e-02  9.22679899e+02 
 8.12187812e-02 -6.30314550e-04  8.12187812e-02  8.12187812e-02  8.12187812e-02  9.24027970e+02 
 8.14185814e-02 -6.30530620e-04  8.14185814e-02  8.14185814e-02  8.14185814e-02  9.25374366e+02 
 8.16183816e-02 -6.30746375e-04  8.16183816e-02  8.16183816e-02  8.16183816e-02  9.26719090e+02 
 8.18181818e-02 -6.30961819e-04  8.18181818e-02  8.18181818e-02  8.18181818e-02  9.28062148e+02 
 8.20179820e-02 -6.31176950e-04  8.20179820e-02  8.20179820e-02  8.20179820e-02  9.29403545e+02 
 8.22177822e-02 -6.31391772e-04  8.22177822e-02  8.22177822e-02  8.22177822e-02  9.30743284e+02 
 8.24175824e-02 -6.31606285e-04  8.24175824e-02  8.24175824e-02  8.24175824e-02  9.32081374e+02 
 8.26173826e-02 -6.31820491e-04  8.26173826e-02  8.26173826e-02  8.26173826e-02  9.33417817e+02 
 8.28171828e-02 -6.32034390e-04  8.28171828e-02  8.28171828e-02  8.28171828e-02  9.34752618e+02 
 8.30169830e-02 -6.32247984e-04  8.30169830e-02  8.30169830e-02  8.30169830e-02  9.36085782e+02 
 8.32167832e-02 -6.32461274e-04  8.32167832e-02  8.32167832e-02  8.32167832e-02  9.37417313e+02 
 8.34165834e-02 -6.32674262e-04  8.34165834e-02  8.34165834e-02  8.34165834e-02  9.38747217e+02 
 8.36163836e-02 -6.32886948e-04  8.36163836e-02  8.36163836e-02  8.36163836e-02  9.40075497e+02 
 8.38161838e-02 -6.33099334e-04  8.38161838e-02  8.38161838e-02  8.38161838e-02  9.41402159e+02 
 8.40159840e-02 -6.33311422e-04  8.40159840e-02  8.40159840e-02  8.40159840e-02  9.42727207e+02 
 8.42157842e-02 -6.33523211e-04  8.42157842e-02  8.42157842e-02  8.42157842e-02  9.44050644e+02 
 8.44155844e-02 -6.33734705e-04  8.44155844e-02  8.44155844e-02  8.44155844e-02  9.45372476e+02 
 8.46153846e-02 -6.33945902e-04  8.46153846e-02  8.46153846e-02  8.46153846e-02  9.46692706e+02 
 8.48151848e-02 -6.34156806e-04  8.48151848e-02  8.48151848e-02  8.48151848e-02  9.48011340e+02 
 8.50149850e-02 -6.34367417e-04  8.50149850e-02  8.50149850e-02  8.50149850e-02  9.49328381e+02 
 8.52147852e-02 -6.34577736e-04  8.52147852e-02  8.52147852e-02  8.52147852e-02  9.50643833e+02 
 8.54145854e-02 -6.34787764e-04  8.54145854e-02  8.54145854e-02  8.54145854e-02  9.51957701e+02 
 8.56143856e-02 -6.34997503e-04  8.56143856e-02  8.56143856e-02  8.56143856e-02  9.53269988e+02 
 8.58141858e-02 -6.35206953e-04  8.58141858e-02  8.58141858e-02  8.58141858e-02  9.54580698e+02 
 8.60139860e-02 -6.35416116e-04  8.60139860e-02  8.60139860e-02  8.60139860e-02  9.55889835e+02 
 8.62137862e-02 -6.35624993e-04  8.62137862e-02  8.62137862e-02  8.62137862e-02  9.57197403e+02 
 8.64135864e-02 -6.35833585e-04  8.64135864e-02  8.64135864e-02  8.64135864e-02  9.58503407e+02 
 8.66133866e-02 -6.36041894e-04  8.66133866e-02  8.66133866e-02  8.66133866e-02  9.59807849e+02 
 8.68131868e-02 -6.36249919e-04  8.68131868e-02  8.68131868e-02  8.68131868e-02  9.61110734e+02 
 8.70129870e-02 -6.36457663e-04  8.70129870e-02  8.70129870e-02  8.70129870e-02  9.62412065e+02 
 8.72127872e-02 -6.36665126e-04  8.72127872e-02  8.72127872e-02  8.72127872e-02  9.63711846e+02 
 8.74125874e-02 -6.36872310e-04  8.74125874e-02  8.74125874e-02  8.74125874e-02  9.65010080e+02 
 8.76123876e-02 -6.37079216e-04  8.76123876e-02  8.76123876e-02  8.76123876e-02  9.66306771e+02 
 8.78121878e-02 -6.37285844e-04  8.78121878e-02  8.78121878e-02  8.78121878e-02  9.67601923e+02 
 8.80119880e-02 -6.37492196e-04  8.80119880e-02  8.80119880e-02  8.80119880e-02  9.68895539e+02 
 8.82117882e-02 -6.37698273e-04  8.82117882e-02  8.82117882e-02  8.82117882e-02  9.70187621e+02 
 8.84115884e-02 -6.37904075e-04  8.84115884e-02  8.84115884e-02  8.84115884e-02  9.71478175e+02 
 8.86113886e-02 -6.38109605e-04  8.86113886e-02  8.86113886e-02  8.86113886e-02  9.72767203e+02 
 8.88111888e-02 -6.38314863e-04  8.88111888e-02  8.88111888e-02  8.88111888e-02  9.74054707e+02 
 8.90109890e-02 -6.38519849e-04  8.90109890e-02  8.90109890e-02  8.90109890e-02  9.75340692e+02 
 8.92107892e-02 -6.38724566e-04  8.92107892e-02  8.92107892e-02  8.92107892e-02  9.76625161e+02 
 8.94105894e-02 -6.38929014e-04  8.94105894e-02  8.94105894e-02  8.94105894e-02  9.77908116e+02 
 8.96103896e-02 -6.39133194e-04  8.96103896e-02  8.96103896e-02  8.96103896e-02  9.79189562e+02 
 8.98101898e-02 -6.39337107e-04  8.98101898e-02  8.98101898e-02  8.98101898e-02  9.80469499e+02 
 9.00099900e-02 -6.39540754e-04  9.00099900e-02  9.00099900e-02  9.00099900e-02  9.81747934e+02 
 9.02097902e-02 -6.39744136e-04  9.02097902e-02  9.02097902e-02  9.02097902e-02  9.83024867e+02 
 9.04095904e-02 -6.39947255e-04  9.04095904e-02  9.04095904e-02  9.04095904e-02  9.84300301e+02 
 9.06093906e-02 -6.40150110e-04  9.06093906e-02  9.06093906e-02  9.06093906e-02  9.85574240e+02 
 9.08091908e-02 -6.40352704e-04  9.08091908e-02  9.08091908e-02  9.08091908e-02  9.86846686e+02 
 9.10089910e-02 -6.40555037e-04  9.10089910e-02  9.10089910e-02  9.10089910e-02  9.88117644e+02 
 9.12087912e-02 -6.40757110e-04  9.12087912e-02  9.12087912e-02  9.12087912e-02  9.89387113e+02 
 9.14085914e-02 -6.40958924e-04  9.14085914e-02  9.14085914e-02  9.14085914e-02  9.90655098e+02 
 9.16083916e-02 -6.41160480e-04  9.16083916e-02  9.16083916e-02  9.16083916e-02  9.91921601e+02 
 9.18081918e-02 -6.41361779e-04  9.18081918e-02  9.18081918e-02  9.18081918e-02  9.93186625e+02 
 9.20079920e-02 -6.41562821e-04  9.20079920e-02  9.20079920e-02  9.20079920e-02  9.94450173e+02 
 9.22077922e-02 -6.41763609e-04  9.22077922e-02  9.22077922e-02  9.22077922e-02  9.95712247e+02 
 9.24075924e-02 -6.41964143e-04  9.24075924e-02  9.24075924e-02  9.24075924e-02  9.96972849e+02 
 9.26073926e-02 -6.42164423e-04  9.26073926e-02  9.26073926e-02  9.26073926e-02  9.98231981e+02 
 9.28071928e-02 -6.42364451e-04  9.28071928e-02  9.28071928e-02  9.28071928e-02  9.99489648e+02 
 9.30069930e-02 -6.42564227e-04  9.30069930e-02  9.30069930e-02  9.30069930e-02  1.00074585e+03 
 9.32067932e-02 -6.42763753e-04  9.32067932e-02  9.32067932e-02  9.32067932e-02  1.00200059e+03 
 9.34065934e-02 -6.42963030e-04  9.34065934e-02  9.34065934e-02  9.34065934e-02  1.00325387e+03 
 9.36063936e-02 -6.43162058e-04  9.36063936e-02  9.36063936e-02  9.36063936e-02  1.00450569e+03 
 9.38061938e-02 -6.43360838e-04  9.38061938e-02  9.38061938e-02  9.38061938e-02  1.00575606e+03 
 9.40059940e-02 -6.43559371e-04  9.40059940e-02  9.40059940e-02  9.40059940e-02  1.00700497e+03 
 9.42057942e-02 -6.43757658e-04  9.42057942e-02  9.42057942e-02  9.42057942e-02  1.00825243e+03 
 9.44055944e-02 -6.43955701e-04  9.44055944e-02  9.44055944e-02  9.44055944e-02  1.00949845e+03 
 9.46053946e-02 -6.44153499e-04  9.46053946e-02  9.46053946e-02  9.46053946e-02  1.01074302e+03 
 9.48051948e-02 -6.44351054e-04  9.48051948e-02  9.48051948e-02  9.48051948e-02  1.01198614e+03 
 9.50049950e-02 -6.44548366e-04  9.50049950e-02  9.50049950e-02  9.50049950e-02  1.01322782e+03 
 9.52047952e-02 -6.44745437e-04  9.52047952e-02  9.52047952e-02  9.52047952e-02  1.01446806e+03 
 9.54045954e-02 -6.44942268e-04  9.54045954e-02  9.54045954e-02  9.54045954e-02  1.01570686e+03 
 9.56043956e-02 -6.45138858e-04  9.56043956e-02  9.56043956e-02  9.56043956e-02  1.01694422e+03 
 9.58041958e-02 -6.45335210e-04  9.58041958e-02  9.58041958e-02  9.58041958e-02  1.01818014e+03 
 9.60039960e-02 -6.45531324e-04  9.60039960e-02  9.60039960e-02  9.60039960e-02  1.01941464e+03 
 9.62037962e-02 -6.45727200e-04  9.62037962e-02  9.62037962e-02  9.62037962e-02  1.02064770e+03 
 9.64035964e-02 -6.45922840e-04  9.64035964e-02  9.64035964e-02  9.64035964e-02  1.02187933e+03 
 9.66033966e-02 -6.46118245e-04  9.66033966e-02  9.66033966e-02  9.66033966e-02  1.02310953e+03 
 9.68031968e-02 -6.46313415e-04  9.68031968e-02  9.68031968e-02  9.68031968e-02  1.02433831e+03 
 9.70029970e-02 -6.46508351e-04  9.70029970e-02  9.70029970e-02  9.70029970e-02  1.02556566e+03 
 9.72027972e-02 -6.46703054e-04  9.72027972e-02  9.72027972e-02  9.72027972e-02  1.02679158e+03 
 9.74025974e-02 -6.46897525e-04  9.74025974e-02  9.74025974e-02  9.74025974e-02  1.02801609e+03 
 9.76023976e-02 -6.47091764e-04  9.76023976e-02  9.76023976e-02  9.76023976e-02  1.02923917e+03 
 9.78021978e-02 -6.47285773e-04  9.78021978e-02  9.78021978e-02  9.78021978e-02  1.03046084e+03 
 9.80019980e-02 -6.47479552e-04  9.80019980e-02  9.80019980e-02  9.80019980e-02  1.03168108e+03 
 9.82017982e-02 -6.47673102e-04  9.82017982e-02  9.82017982e-02  9.82017982e-02  1.03289991e+03 
 9.84015984e-02 -6.47866424e-04  9.84015984e-02  9.84015984e-02  9.84015984e-02  1.03411733e+03 
 9.86013986e-02 -6.48059519e-04  9.86013986e-02  9.86013986e-02  9.86013986e-02  1.03533333e+03 
 9.88011988e-02 -6.48252387e-04  9.88011988e-02  9.88011988e-02  9.88011988e-02  1.03654792e+03 
 9.90009990e-02 -6.48445030e-04  9.90009990e-02  9.90009990e-02  9.90009990e-02  1.03776110e+03 
 9.92007992e-02 -6.48637447e-04  9.92007992e-02  9.92007992e-02  9.92007992e-02  1.03897286e+03 
 9.94005994e-02 -6.48829641e-04  9.94005994e-02  9.94005994e-02  9.94005994e-02  1.04018322e+03 
 9.96003996e-02 -6.49021611e-04  9.96003996e-02  9.96003996e-02  9.96003996e-02  1.04139217e+03 
 9.98001998e-02 -6.49213358e-04  9.98001998e-02  9.98001998e-02  9.98001998e-02  1.04259972e+03 
 1.00000000e-01 -6.49404884e-04  1.00000000e-01  1.00000000e-01  1.00000000e-01  1.04380796e+03 
